Results:  [(HyperModel(
  (layers): ModuleList(
    (0): GraphConv(3703, 645)
    (1): ReLU()
    (2): Dropout(p=0.0, inplace=False)
    (3): GATConv(645, 6, heads=5)
    (4): Sigmoid()
    (5): Dropout(p=0.0, inplace=False)
  )
), 0.665, 4796931, 1384.5833947658539, [(-1, 0.628, 44442), (5, 0.642, 10835775), (13, 0.664, 10302057), (31, 0.666, 2218074), (95, 0.692, 11560938), (174, 0.688, 668844), (294, 0.702, 12626145), (351, 0.7, 9161130), (483, 0.696, 6390024), (563, 0.69, 5386804), (569, 0.69, 789578), (574, 0.698, 12393562), (591, 0.696, 4767450), (608, 0.702, 4186534), (609, 0.712, 6454514), (886, 0.722, 4796931)]), (HyperModel(
  (layers): ModuleList(
    (0): GCNConv(3703, 64)
    (1): ReLU()
    (2): Dropout(p=0.25, inplace=False)
    (3): GraphConv(64, 6)
    (4): Sigmoid()
    (5): Dropout(p=0.5, inplace=False)
  )
), 0.672, 237824, 1330.2254977226257, [(-1, 0.632, 44442), (14, 0.644, 44442), (27, 0.676, 9281577), (37, 0.676, 1810242), (38, 0.696, 3180902), (62, 0.69, 238598), (86, 0.696, 107770), (214, 0.704, 3132594), (216, 0.718, 3132588), (423, 0.716, 1293174), (598, 0.712, 285676), (613, 0.72, 2281624), (1003, 0.714, 966166), (1054, 0.712, 628004), (1124, 0.73, 631720), (1352, 0.736, 237824)]), (HyperModel(
  (layers): ModuleList(
    (0): GCNConv(3703, 1466)
    (1): ELU(alpha=1.0)
    (2): Dropout(p=0.0, inplace=False)
    (3): GCNConv(1466, 6)
    (4): Sigmoid()
    (5): Dropout(p=0.35, inplace=False)
  )
), 0.704, 5438866, 661.8997189998627, [(-1, 0.534, 44442), (1, 0.554, 88878), (2, 0.582, 111096), (17, 0.592, 22224), (24, 0.616, 88878), (27, 0.644, 22224), (43, 0.674, 88878), (424, 0.682, 88878), (1251, 0.69, 843232), (1274, 0.684, 832390), (1288, 0.7, 1203990), (1309, 0.708, 1202046), (1355, 0.704, 697486), (1491, 0.72, 2255686), (1497, 0.728, 5438866)]), (HyperModel(
  (layers): ModuleList(
    (0): GCNConv(3703, 201)
    (1): ReLU()
    (2): Dropout(p=0.45, inplace=False)
    (3): GCNConv(201, 6)
    (4): Sigmoid()
    (5): Dropout(p=0.6, inplace=False)
  )
), 0.683, 745716, 1221.9870657920837, [(-1, 0.518, 44442), (0, 0.624, 44442), (8, 0.64, 44442), (24, 0.66, 1847331), (54, 0.674, 10244772), (55, 0.702, 26986560), (65, 0.708, 3528216), (66, 0.718, 3533916), (82, 0.712, 1166830), (96, 0.712, 375322), (141, 0.728, 1161236), (915, 0.73, 745716)]), (HyperModel(
  (layers): ModuleList(
    (0): GCNConv(3703, 187)
    (1): Tanh()
    (2): Dropout(p=0.0, inplace=False)
    (3): GCNConv(187, 6)
    (4): Sigmoid()
    (5): Dropout(p=0.45, inplace=False)
  )
), 0.689, 693776, 1241.1325371265411, [(-1, 0.598, 44442), (0, 0.634, 9348204), (2, 0.628, 44436), (10, 0.694, 2900829), (15, 0.714, 2307004), (580, 0.722, 6485086), (582, 0.722, 5602106), (725, 0.724, 3026958), (1035, 0.718, 226316), (1114, 0.726, 1038806), (1379, 0.72, 693776)]), (HyperModel(
  (layers): ModuleList(
    (0): GCNConv(3703, 40)
    (1): ReLU()
    (2): Dropout(p=0.6, inplace=False)
    (3): GCNConv(40, 6)
    (4): Sigmoid()
    (5): Dropout(p=0.45, inplace=False)
  )
), 0.712, 148406, 1460.5939807891846, [(-1, 0.594, 44442), (0, 0.68, 10700307), (27, 0.704, 1430715), (311, 0.716, 4674606), (387, 0.71, 1053646), (436, 0.704, 526826), (438, 0.718, 3083016), (558, 0.712, 879276), (615, 0.724, 3257386), (640, 0.722, 2218586), (855, 0.72, 148406)]), (HyperModel(
  (layers): ModuleList(
    (0): GCNConv(3703, 76)
    (1): Tanh()
    (2): Dropout(p=0.25, inplace=False)
    (3): GraphConv(76, 6)
    (4): Sigmoid()
    (5): Dropout(p=0.0, inplace=False)
  )
), 0.688, 282422, 1099.7701363563538, [(-1, 0.608, 44442), (6, 0.636, 44442), (15, 0.65, 44442), (49, 0.662, 44436), (162, 0.692, 7745436), (164, 0.69, 1241150), (169, 0.698, 1241144), (179, 0.706, 1241150), (328, 0.702, 411816), (365, 0.714, 1824562), (393, 0.71, 1181688), (404, 0.706, 860726), (413, 0.706, 449642), (433, 0.716, 5995366), (449, 0.72, 842176), (476, 0.716, 716036), (661, 0.72, 571346), (669, 0.716, 271274), (812, 0.724, 1012836), (863, 0.718, 682646), (968, 0.712, 556506), (989, 0.728, 557400), (1242, 0.724, 282422)]), (HyperModel(
  (layers): ModuleList(
    (0): GraphConv(3703, 63)
    (1): ReLU()
    (2): Dropout(p=0.25, inplace=False)
    (3): GCNConv(63, 6)
    (4): Sigmoid()
    (5): Dropout(p=0.35, inplace=False)
  )
), 0.694, 467025, 2231.674831390381, [(-1, 0.618, 44442), (1, 0.634, 133386), (36, 0.656, 3017138), (42, 0.672, 2964296), (53, 0.68, 6945987), (56, 0.678, 2003406), (61, 0.676, 1035096), (68, 0.686, 27450345), (87, 0.68, 1268826), (126, 0.676, 842176), (157, 0.684, 4637506), (214, 0.682, 2127537), (271, 0.678, 534246), (300, 0.686, 1153816), (341, 0.686, 882153), (452, 0.686, 303939), (556, 0.694, 333906), (672, 0.696, 222606), (1374, 0.71, 7353702), (1394, 0.704, 467025)]), (HyperModel(
  (layers): ModuleList(
    (0): GCNConv(3703, 1485)
    (1): Tanh()
    (2): Dropout(p=0.0, inplace=False)
    (3): GCNConv(1485, 6)
    (4): Sigmoid()
    (5): Dropout(p=0.45, inplace=False)
  )
), 0.704, 5509356, 5499.177001476288, [(-1, 0.604, 44442), (0, 0.622, 288912), (2, 0.692, 63713040), (17, 0.688, 38709314), (50, 0.692, 3017097), (77, 0.712, 65928308), (322, 0.71, 58608292), (350, 0.704, 26149800), (359, 0.698, 200346), (529, 0.706, 1541182), (571, 0.72, 7187221), (718, 0.718, 755775), (1311, 0.726, 9691632), (1312, 0.72, 4247956), (1404, 0.714, 3246462), (1412, 0.714, 1081793), (1448, 0.726, 5509356)]), (HyperModel(
  (layers): ModuleList(
    (0): GraphConv(3703, 564)
    (1): ReLU()
    (2): Dropout(p=0.6, inplace=False)
    (3): GCNConv(564, 6)
    (4): Tanh()
    (5): Dropout(p=0.35, inplace=False)
  )
), 0.605, 4180374, 1198.6440787315369, [(-1, 0.568, 44442), (2, 0.62, 222396), (3, 0.652, 222396), (14, 0.688, 10066860), (120, 0.682, 8650977), (122, 0.694, 10984590), (147, 0.706, 1756887), (990, 0.702, 1053646), (1151, 0.712, 9762927), (1474, 0.708, 4180374)]), (HyperModel(
  (layers): ModuleList(
    (0): GCNConv(3703, 1672)
    (1): Tanh()
    (2): Dropout(p=0.45, inplace=False)
    (3): GraphConv(1672, 6)
    (4): Tanh()
    (5): Dropout(p=0.6, inplace=False)
  )
), 0.623, 6213158, 1679.474262714386, [(-1, 0.592, 44442), (3, 0.636, 355638), (5, 0.648, 30927024), (17, 0.662, 29627574), (60, 0.664, 5697756), (124, 0.694, 3146730), (259, 0.696, 2412514), (322, 0.69, 1922098), (329, 0.688, 1897594), (344, 0.702, 3080616), (349, 0.704, 653516), (537, 0.712, 1462408), (797, 0.708, 561122), (823, 0.702, 246090), (1189, 0.706, 57384), (1211, 0.714, 55944), (1245, 0.73, 6213158)]), (HyperModel(
  (layers): ModuleList(
    (0): GCNConv(3703, 474)
    (1): ELU(alpha=1.0)
    (2): Dropout(p=0.6, inplace=False)
    (3): GCNConv(474, 6)
    (4): Sigmoid()
    (5): Dropout(p=0.45, inplace=False)
  )
), 0.705, 1758546, 1050.1747694015503, [(-1, 0.608, 44442), (6, 0.63, 44436), (19, 0.642, 44442), (57, 0.652, 222276), (67, 0.648, 44436), (105, 0.656, 266730), (208, 0.694, 5693190), (216, 0.694, 3246256), (217, 0.69, 760556), (223, 0.702, 760556), (271, 0.712, 3394656), (307, 0.714, 2433766), (314, 0.712, 957186), (341, 0.72, 4177466), (353, 0.714, 3313036), (362, 0.722, 3057046), (453, 0.718, 1205756), (692, 0.714, 578766), (694, 0.724, 5505646), (712, 0.722, 3517086), (713, 0.718, 2389246), (715, 0.726, 6410886), (730, 0.72, 4856396), (740, 0.716, 2162936), (741, 0.712, 233736), (746, 0.722, 4474266), (758, 0.72, 2741696), (832, 0.714, 2493126), (838, 0.722, 5524196), (859, 0.716, 1391256), (869, 0.724, 5783896), (891, 0.722, 3494826), (900, 0.716, 3305616), (907, 0.712, 1101876), (919, 0.722, 4166336), (999, 0.718, 3368686), (1012, 0.72, 3183186), (1053, 0.714, 1075906), (1058, 0.724, 6436856), (1060, 0.718, 3138666), (1061, 0.716, 2730566), (1085, 0.716, 2392956), (1104, 0.714, 1161236), (1133, 0.712, 623286), (1144, 0.72, 4607826), (1158, 0.716, 4058746), (1159, 0.728, 6785596), (1245, 0.724, 2114706), (1252, 0.718, 1220596), (1318, 0.716, 367296), (1363, 0.726, 5334986), (1365, 0.72, 4949146), (1381, 0.716, 2778796), (1386, 0.712, 2073896), (1409, 0.708, 1855006), (1411, 0.716, 2927196), (1435, 0.712, 1728866), (1439, 0.72, 4719126), (1441, 0.722, 3275936), (1456, 0.718, 2697176), (1492, 0.714, 1758546)]), (HyperModel(
  (layers): ModuleList(
    (0): GraphConv(3703, 721)
    (1): ELU(alpha=1.0)
    (2): Dropout(p=0.45, inplace=False)
    (3): GATv2Conv(721, 6, heads=4)
    (4): Tanh()
    (5): Dropout(p=0.35, inplace=False)
  )
), 0.684, 5374412, 1733.9750549793243, [(-1, 0.608, 44442), (6, 0.634, 44436), (36, 0.664, 7743246), (39, 0.668, 1066000), (44, 0.668, 442768), (47, 0.682, 439138), (304, 0.698, 13441443), (332, 0.692, 12858578), (373, 0.686, 6117936), (418, 0.682, 1170618), (447, 0.694, 8192334), (460, 0.69, 648576), (525, 0.684, 105178), (543, 0.698, 11035592), (571, 0.692, 9161313), (588, 0.7, 3496082), (795, 0.698, 1839918), (1006, 0.694, 790308), (1131, 0.704, 7930050), (1414, 0.7, 5374412)]), (HyperModel(
  (layers): ModuleList(
    (0): GCNConv(3703, 45)
    (1): ELU(alpha=1.0)
    (2): Dropout(p=0.0, inplace=False)
    (3): GATConv(45, 6, heads=4)
    (4): Tanh()
    (5): Dropout(p=0.5, inplace=False)
  )
), 0.639, 167814, 1821.6367137432098, [(-1, 0.584, 44442), (1, 0.638, 6338697), (4, 0.638, 1828068), (27, 0.646, 211476), (56, 0.684, 4956483), (58, 0.682, 4757510), (63, 0.69, 4734614), (121, 0.686, 3686154), (200, 0.682, 3012278), (212, 0.678, 367198), (243, 0.674, 289006), (264, 0.694, 3608758), (267, 0.688, 2524962), (358, 0.69, 844777), (361, 0.7, 845155), (738, 0.704, 167814)]), (HyperModel(
  (layers): ModuleList(
    (0): GATConv(3703, 543, heads=1)
    (1): ReLU()
    (2): Dropout(p=0.35, inplace=False)
    (3): GraphConv(543, 6)
    (4): Sigmoid()
    (5): Dropout(p=0.25, inplace=False)
  )
), 0.691, 2018880, 2094.516609430313, [(-1, 0.598, 44442), (3, 0.634, 44442), (26, 0.66, 8312622), (31, 0.668, 14388510), (34, 0.664, 11586256), (38, 0.672, 11586250), (55, 0.674, 791934), (56, 0.684, 16726742), (64, 0.68, 6205216), (94, 0.692, 1075210), (377, 0.686, 945438), (382, 0.694, 422870), (513, 0.688, 148460), (525, 0.696, 13898527), (536, 0.692, 630298), (588, 0.69, 500526), (620, 0.714, 2018880)]), (HyperModel(
  (layers): ModuleList(
    (0): GCNConv(3703, 651)
    (1): Sigmoid()
    (2): Dropout(p=0.0, inplace=False)
    (3): GCNConv(651, 6)
    (4): Softplus(beta=1, threshold=20)
    (5): Dropout(p=0.0, inplace=False)
  )
), 0.703, 2415216, 285.4754288196564, [(-1, 0.604, 44442), (4, 0.628, 133368), (8, 0.658, 22224), (170, 0.668, 355638), (171, 0.666, 177846), (267, 0.664, 155616), (289, 0.658, 22224), (302, 0.67, 22224), (625, 0.702, 241156), (627, 0.714, 2415216)]), (HyperModel(
  (layers): ModuleList(
    (0): GCNConv(3703, 52)
    (1): Tanh()
    (2): Dropout(p=0.35, inplace=False)
    (3): GCNConv(52, 6)
    (4): Sigmoid()
    (5): Dropout(p=0.35, inplace=False)
  )
), 0.685, 192926, 2041.7277324199677, [(-1, 0.618, 44442), (1, 0.632, 44442), (2, 0.644, 311184), (5, 0.638, 111156), (21, 0.652, 4032776), (22, 0.67, 7902264), (72, 0.67, 659763), (126, 0.682, 7652796), (287, 0.686, 2077040), (288, 0.702, 2082146), (462, 0.7, 1124136), (623, 0.712, 2144386), (667, 0.706, 1000626), (1169, 0.708, 192926)]), (HyperModel(
  (layers): ModuleList(
    (0): GCNConv(3703, 656)
    (1): ReLU()
    (2): Dropout(p=0.0, inplace=False)
    (3): GATv2Conv(656, 6, heads=4)
    (4): ReLU()
    (5): Dropout(p=0.25, inplace=False)
  )
), 0.6, 2461390, 433.2937033176422, [(-1, 0.596, 44442), (0, 0.648, 44436), (32, 0.656, 3740822), (40, 0.676, 3733318), (170, 0.67, 22224), (250, 0.686, 1677222), (301, 0.696, 28397539), (303, 0.7, 848448), (676, 0.71, 2461390)]), (HyperModel(
  (layers): ModuleList(
    (0): GCNConv(3703, 92)
    (1): ReLU()
    (2): Dropout(p=0.25, inplace=False)
    (3): GraphConv(92, 6)
    (4): Sigmoid()
    (5): Dropout(p=0.45, inplace=False)
  )
), 0.699, 341878, 1067.1039953231812, [(-1, 0.63, 44442), (1, 0.658, 349304), (10, 0.696, 449660), (105, 0.708, 330730), (420, 0.722, 3663982), (747, 0.728, 1675922), (841, 0.726, 360458), (1113, 0.728, 341878)]), (HyperModel(
  (layers): ModuleList(
    (0): GATConv(3703, 6, heads=6)
    (1): Softplus(beta=1, threshold=20)
    (2): Dropout(p=0.5, inplace=False)
  )
), 0.632, 133386, 186.7383267879486, [(-1, 0.62, 44442), (8, 0.634, 177846), (11, 0.632, 66696), (16, 0.63, 22236), (44, 0.638, 177846), (45, 0.64, 111156), (60, 0.634, 66696), (94, 0.65, 177846), (163, 0.666, 177846), (291, 0.66, 155616), (511, 0.654, 133386), (661, 0.648, 111156), (667, 0.656, 155616), (683, 0.652, 66696), (947, 0.66, 155616), (1139, 0.656, 133386)]), (HyperModel(
  (layers): ModuleList(
    (0): GraphConv(3703, 1328)
    (1): Tanh()
    (2): Dropout(p=0.45, inplace=False)
    (3): GATv2Conv(1328, 6, heads=5)
    (4): Sigmoid()
    (5): Dropout(p=0.6, inplace=False)
  )
), 0.658, 9914944, 1445.836529970169, [(-1, 0.558, 44442), (0, 0.632, 44442), (4, 0.642, 44436), (15, 0.65, 177822), (33, 0.682, 12402609), (36, 0.692, 12343047), (47, 0.692, 1335684), (76, 0.7, 9071286), (80, 0.7, 6063300), (110, 0.702, 704710), (340, 0.724, 12932940), (854, 0.718, 8664960), (932, 0.728, 9914944)]), (HyperModel(
  (layers): ModuleList(
    (0): GraphConv(3703, 807)
    (1): ReLU()
    (2): Dropout(p=0.5, inplace=False)
    (3): GATConv(807, 6, heads=1)
    (4): Tanh()
    (5): Dropout(p=0.5, inplace=False)
  )
), 0.477, 5981502, 1325.7489552497864, [(-1, 0.548, 44442), (0, 0.612, 2093487), (10, 0.628, 44442), (29, 0.642, 44442), (39, 0.674, 11880858), (57, 0.672, 10966383), (59, 0.668, 617829), (126, 0.69, 6008808), (243, 0.708, 4165128), (333, 0.704, 193092), (999, 0.722, 5981502)]), (HyperModel(
  (layers): ModuleList(
    (0): GCNConv(3703, 53)
    (1): Sigmoid()
    (2): Dropout(p=0.35, inplace=False)
    (3): GCNConv(53, 6)
    (4): Sigmoid()
    (5): Dropout(p=0.0, inplace=False)
  )
), 0.704, 196636, 1710.5887804031372, [(-1, 0.606, 44442), (1, 0.654, 266730), (14, 0.664, 1020256), (64, 0.676, 15206568), (70, 0.686, 15206568), (280, 0.692, 1613856), (286, 0.694, 600969), (303, 0.69, 396976), (346, 0.696, 197590), (366, 0.72, 196636)]), (HyperModel(
  (layers): ModuleList(
    (0): GCNConv(3703, 45)
    (1): ELU(alpha=1.0)
    (2): Dropout(p=0.25, inplace=False)
    (3): GATConv(45, 6, heads=7)
    (4): Sigmoid()
    (5): Dropout(p=0.0, inplace=False)
  )
), 0.584, 168660, 2427.9251778125763, [(-1, 0.582, 44442), (6, 0.646, 10672161), (29, 0.642, 88914), (31, 0.65, 311184), (69, 0.666, 85533552), (89, 0.676, 14204840), (94, 0.67, 8025792), (146, 0.664, 311184), (213, 0.696, 838353), (343, 0.706, 973598), (479, 0.706, 764266), (568, 0.71, 722784), (580, 0.706, 712326), (623, 0.704, 233736), (724, 0.72, 968316), (814, 0.728, 1482690), (892, 0.726, 168660)]), (HyperModel(
  (layers): ModuleList(
    (0): TransformerConv(3703, 646, heads=7)
    (1): ReLU()
    (2): Dropout(p=0.35, inplace=False)
    (3): GATConv(4522, 6, heads=6)
    (4): Sigmoid()
    (5): Dropout(p=0.0, inplace=False)
  )
), 0.651, 67160822, 1740.8954305648804, [(-1, 0.616, 44442), (0, 0.632, 1529592), (7, 0.638, 1433067), (9, 0.652, 4276842), (10, 0.676, 4276842), (30, 0.692, 10170922), (42, 0.686, 1046967), (117, 0.696, 4978776), (187, 0.692, 1566506), (247, 0.688, 640176), (329, 0.708, 11349128), (338, 0.704, 527217), (562, 0.722, 67160822)]), (HyperModel(
  (layers): ModuleList(
    (0): ChebConv(3703, 92, K=4, normalization=rw)
    (1): Sigmoid()
    (2): Dropout(p=0.6, inplace=False)
    (3): GATv2Conv(92, 6, heads=1)
    (4): ELU(alpha=1.0)
    (5): Dropout(p=0.45, inplace=False)
  )
), 0.664, 1363924, 1151.805421113968, [(-1, 0.612, 44442), (21, 0.622, 88926), (23, 0.63, 44436), (53, 0.642, 155616), (54, 0.652, 177846), (92, 0.646, 44466), (122, 0.658, 111156), (199, 0.666, 177846), (211, 0.672, 111096), (387, 0.668, 88878), (585, 0.678, 111096), (659, 0.674, 88878), (1016, 0.684, 502797), (1026, 0.7, 499125), (1053, 0.712, 505245), (1091, 0.728, 1363924)]), (HyperModel(
  (layers): ModuleList(
    (0): GCNConv(3703, 53)
    (1): ReLU()
    (2): Dropout(p=0.6, inplace=False)
    (3): GATv2Conv(53, 6, heads=5)
    (4): Sigmoid()
    (5): Dropout(p=0.25, inplace=False)
  )
), 0.69, 199588, 2229.5029804706573, [(-1, 0.606, 44442), (13, 0.652, 7780710), (32, 0.654, 222276), (34, 0.674, 8112273), (68, 0.678, 6786690), (132, 0.686, 34119099), (133, 0.684, 24718098), (165, 0.684, 16422537), (198, 0.68, 2484852), (228, 0.688, 2624554), (241, 0.69, 1731536), (302, 0.702, 2712340), (313, 0.702, 2656366), (328, 0.712, 2656366), (354, 0.712, 429192), (541, 0.708, 326502), (659, 0.708, 286160), (801, 0.702, 96970), (824, 0.714, 4288264), (849, 0.71, 2616070), (955, 0.71, 1298506), (1004, 0.708, 634482), (1008, 0.702, 623286), (1099, 0.698, 181614), (1103, 0.7, 178086), (1116, 0.708, 1428356), (1330, 0.704, 319576), (1406, 0.698, 248978), (1473, 0.722, 199588)]), (HyperModel(
  (layers): ModuleList(
    (0): GCNConv(3703, 807)
    (1): ReLU()
    (2): Dropout(p=0.5, inplace=False)
    (3): GraphConv(807, 6)
    (4): Tanh()
    (5): Dropout(p=0.35, inplace=False)
  )
), 0.644, 2998818, 842.8028719425201, [(-1, 0.55, 44442), (3, 0.572, 437373), (5, 0.6, 437373), (9, 0.642, 441693), (46, 0.644, 22224), (47, 0.66, 5731956), (53, 0.676, 196636), (75, 0.698, 4767356), (204, 0.694, 3394656), (205, 0.716, 2667496), (352, 0.714, 2259396), (831, 0.73, 2998818)]), (HyperModel(
  (layers): ModuleList(
    (0): GATConv(3703, 6, heads=8)
    (1): Sigmoid()
    (2): Dropout(p=0.6, inplace=False)
  )
), 0.649, 177846, 808.6398849487305, [(-1, 0.6, 44442), (7, 0.642, 44466), (88, 0.654, 111156), (97, 0.668, 311184), (182, 0.676, 22942622), (185, 0.67, 19432132), (189, 0.672, 735392), (197, 0.68, 1269522), (289, 0.69, 35410886), (311, 0.69, 24582846), (425, 0.688, 5370012), (453, 0.682, 177846)]), (HyperModel(
  (layers): ModuleList(
    (0): GATConv(3703, 6, heads=7)
    (1): Sigmoid()
    (2): Dropout(p=0.25, inplace=False)
  )
), 0.633, 155616, 169.25376749038696, [(-1, 0.62, 44442), (27, 0.63, 44436), (82, 0.642, 155616), (83, 0.656, 155616), (84, 0.666, 155616)]), (HyperModel(
  (layers): ModuleList(
    (0): GCNConv(3703, 228)
    (1): ReLU()
    (2): Dropout(p=0.0, inplace=False)
    (3): GCNConv(228, 6)
    (4): Sigmoid()
    (5): Dropout(p=0.45, inplace=False)
  )
), 0.707, 845886, 939.3809230327606, [(-1, 0.574, 44442), (2, 0.586, 44442), (5, 0.626, 44442), (25, 0.646, 22224), (40, 0.68, 4863816), (45, 0.678, 3305616), (47, 0.69, 3305616), (48, 0.714, 1153816), (487, 0.724, 3888086), (975, 0.718, 626996), (992, 0.714, 597316), (1135, 0.712, 519406), (1139, 0.724, 2734276), (1200, 0.724, 845886)]), (HyperModel(
  (layers): ModuleList(
    (0): GraphConv(3703, 1355)
    (1): Tanh()
    (2): Dropout(p=0.6, inplace=False)
    (3): GraphConv(1355, 6)
    (4): Sigmoid()
    (5): Dropout(p=0.25, inplace=False)
  )
), 0.627, 10051396, 1221.5582237243652, [(-1, 0.602, 44442), (2, 0.654, 222276), (6, 0.666, 222276), (15, 0.664, 22224), (104, 0.698, 3448454), (113, 0.708, 1884018), (154, 0.708, 897578), (200, 0.722, 2359248), (241, 0.72, 2181192), (258, 0.714, 1631966), (412, 0.708, 1107368), (416, 0.708, 278706), (508, 0.716, 3478182), (538, 0.71, 962450), (641, 0.71, 910420), (725, 0.71, 386470), (732, 0.718, 2575194), (806, 0.712, 1096226), (815, 0.718, 969882), (841, 0.718, 193238), (1167, 0.722, 156078), (1457, 0.73, 10051396)])]
