Results:  [(HyperModel(
  (layers): ModuleList(
    (0): GeoLayer(3703, 128, heads=1)
    (1): LeakyReLU(negative_slope=0.01)
    (2): GeoLayer(128, 6, heads=8)
    (3): ReLU6()
  )
), 0.549, 480614, 2018.4090881347656, [(-1, 0.402, 512188), (1, 0.402, 512188), (5, 0.402, 510646), (6, 0.402, 510646), (83, 0.402, 994156), (114, 0.402, 7721446), (115, 0.402, 7721318), (124, 0.402, 480614)]), (HyperModel(
  (layers): ModuleList(
    (0): GeoLayer(3703, 64, heads=8)
    (1): LeakyReLU(negative_slope=0.01)
    (2): GeoLayer(512, 6, heads=1)
    (3): LeakyReLU(negative_slope=0.01)
  )
), 0.675, 1900632, 1741.46040725708, [(-1, 0.472, 5769502), (0, 0.472, 5703582), (1, 0.472, 5703582), (2, 0.472, 5703326), (7, 0.472, 5703320), (8, 0.472, 5703320), (11, 0.472, 5703320), (101, 0.472, 7665370), (158, 0.472, 1915988), (163, 0.472, 1437006), (166, 0.472, 1476742), (437, 0.472, 1900632)]), (HyperModel(
  (layers): ModuleList(
    (0): GeoLayer(3703, 128, heads=16)
    (1): ReLU()
    (2): GeoLayer(2048, 6, heads=8)
    (3): Sigmoid()
  )
), 0.692, 7688294, 1653.741849899292, [(-1, 0.614, 1911998), (0, 0.614, 1924334), (1, 0.614, 1915982), (4, 0.614, 1915982), (190, 0.614, 480614), (221, 0.614, 475934), (729, 0.614, 7688294)]), (HyperModel(
  (layers): ModuleList(
    (0): GeoLayer(3703, 32, heads=4)
    (1): ELU(alpha=1.0)
    (2): GeoLayer(128, 6, heads=4)
    (3): Identity()
  )
), 0.648, 477494, 812.8298938274384, [(-1, 0.68, 1917138), (135, 0.68, 15204370), (299, 0.68, 477494)]), (HyperModel(
  (layers): ModuleList(
    (0): GeoLayer(3703, 16, heads=6)
    (1): ELU(alpha=1.0)
    (2): GeoLayer(96, 6, heads=2)
    (3): Tanh()
  )
), 0.664, 356964, 856.5871119499207, [(-1, 0.406, 967036), (0, 0.406, 967036), (2, 0.406, 967036), (3, 0.406, 956200), (41, 0.406, 123246), (57, 0.406, 30410398), (404, 0.406, 1441708), (1274, 0.406, 356964)]), (HyperModel(
  (layers): ModuleList(
    (0): GeoLayer(3703, 16, heads=4)
    (1): Sigmoid()
    (2): GeoLayer(64, 6, heads=2)
    (3): Identity()
  )
), 0.698, 237982, 713.1212549209595, [(-1, 0.444, 3868696), (0, 0.444, 3887164), (14, 0.444, 245476), (20, 0.444, 487516), (133, 0.444, 244684), (195, 0.444, 484286), (196, 0.444, 242222), (444, 0.444, 2012742), (642, 0.444, 495206), (719, 0.444, 247766), (1493, 0.444, 237982)]), (HyperModel(
  (layers): ModuleList(
    (0): GeoLayer(3703, 32, heads=8)
    (1): Tanh()
    (2): GeoLayer(256, 6, heads=8)
    (3): Tanh()
  )
), 0.593, 969478, 2765.7619087696075, [(-1, 0.478, 30886764), (10, 0.478, 30886252), (17, 0.478, 30754540), (18, 0.478, 30752870), (89, 0.478, 969478), (92, 0.478, 973510), (93, 0.478, 1946822), (307, 0.478, 1946886), (343, 0.478, 486854), (954, 0.478, 120230), (1039, 0.478, 973510), (1138, 0.478, 969478)]), (HyperModel(
  (layers): ModuleList(
    (0): GeoLayer(3703, 64, heads=4)
    (1): ELU(alpha=1.0)
    (2): GeoLayer(256, 6, heads=8)
    (3): Tanh()
  )
), 0.67, 961126, 1195.5419569015503, [(-1, 0.346, 963940), (0, 0.346, 963940), (2, 0.346, 959700), (18, 0.346, 3910118), (24, 0.346, 974606), (26, 0.346, 958030), (27, 0.346, 958030), (45, 0.346, 240374), (205, 0.346, 239566), (1173, 0.346, 961126)]), (HyperModel(
  (layers): ModuleList(
    (0): GeoLayer(3703, 128, heads=6)
    (1): ReLU()
    (2): GeoLayer(768, 6, heads=1)
    (3): Identity()
  )
), 0.545, 2850834, 870.6177799701691, [(-1, 0.614, 7668376), (7, 0.614, 5834092), (12, 0.614, 5767826), (25, 0.614, 714424), (51, 0.614, 2864822), (92, 0.614, 240374), (705, 0.614, 2850834)]), (HyperModel(
  (layers): ModuleList(
    (0): GeoLayer(3703, 128, heads=8)
    (1): ReLU6()
    (2): GeoLayer(1024, 6, heads=8)
    (3): ReLU()
  )
), 0.669, 3844198, 1648.1103737354279, [(-1, 0.212, 979426), (0, 0.212, 979426), (1, 0.212, 979426), (3, 0.212, 979426), (4, 0.212, 979426), (5, 0.212, 979426), (12, 0.212, 2917868), (52, 0.212, 7636894), (54, 0.212, 956206), (152, 0.212, 2921804), (210, 0.212, 5834092), (310, 0.212, 7690092), (370, 0.212, 3844198)]), (HyperModel(
  (layers): ModuleList(
    (0): GeoLayer(3703, 64, heads=1)
    (1): ELU(alpha=1.0)
    (2): GeoLayer(64, 6, heads=4)
    (3): ReLU()
  )
), 0.638, 238838, 1646.3836545944214, [(-1, 0.514, 1443672), (3, 0.514, 1459884), (17, 0.514, 1442002), (18, 0.514, 254162), (28, 0.514, 11811654), (36, 0.514, 2953158), (77, 0.514, 994150), (143, 0.514, 479410), (420, 0.514, 479394), (1094, 0.514, 238838)]), (HyperModel(
  (layers): ModuleList(
    (0): GeoLayer(3703, 64, heads=2)
    (1): Sigmoid()
    (2): GeoLayer(128, 6, heads=8)
    (3): Tanh()
  )
), 0.651, 497196, 1392.005696296692, [(-1, 0.466, 256228), (0, 0.466, 256228), (5, 0.466, 257818), (20, 0.466, 258610), (26, 0.466, 256234), (144, 0.466, 2047700), (145, 0.466, 2047700), (201, 0.466, 1988076), (360, 0.466, 503436), (361, 0.466, 503436), (1019, 0.466, 497196)]), (HyperModel(
  (layers): ModuleList(
    (0): GeoLayer(3703, 64, heads=6)
    (1): Tanh()
    (2): GeoLayer(384, 6, heads=16)
    (3): ReLU6()
  )
), 0.698, 1460166, 1044.3044590950012, [(-1, 0.324, 7788364), (9, 0.324, 1981516), (11, 0.324, 496876), (12, 0.324, 485956), (27, 0.324, 961860), (37, 0.324, 242028), (38, 0.324, 242028), (39, 0.324, 239652), (59, 0.324, 953514), (142, 0.324, 1948492), (144, 0.324, 731852), (1095, 0.324, 1460166)]), (HyperModel(
  (layers): ModuleList(
    (0): GeoLayer(3703, 256, heads=2)
    (1): Identity()
    (2): GeoLayer(512, 6, heads=4)
    (3): ReLU()
  )
), 0.623, 1909814, 786.099212884903, [(-1, 0.624, 984862), (3, 0.624, 3819574), (4, 0.624, 3844198), (37, 0.624, 479400), (85, 0.624, 239256), (365, 0.624, 3801106), (1207, 0.624, 1909814)]), (HyperModel(
  (layers): ModuleList(
    (0): GeoLayer(3703, 64, heads=4)
    (1): Sigmoid()
    (2): GeoLayer(256, 6, heads=2)
    (3): Sigmoid()
  )
), 0.692, 968478, 1003.8393058776855, [(-1, 0.172, 7819718), (0, 0.172, 7819718), (8, 0.172, 7819724), (9, 0.172, 7786700), (46, 0.172, 962270), (172, 0.172, 485878), (303, 0.172, 968478), (307, 0.172, 968478)]), (HyperModel(
  (layers): ModuleList(
    (0): GeoLayer(3703, 64, heads=4)
    (1): Sigmoid()
    (2): GeoLayer(256, 6, heads=6)
    (3): ELU(alpha=1.0)
  )
), 0.668, 974606, 2173.372353076935, [(-1, 0.46, 2049364), (0, 0.46, 11628884), (3, 0.46, 3965268), (11, 0.46, 7797076), (17, 0.46, 1453582), (18, 0.46, 1453582), (108, 0.46, 243806), (302, 0.46, 362374), (305, 0.46, 243014), (1293, 0.46, 974606)]), (HyperModel(
  (layers): ModuleList(
    (0): GeoLayer(3703, 128, heads=4)
    (1): Softplus(beta=1, threshold=20)
    (2): GeoLayer(512, 6, heads=16)
    (3): Sigmoid()
  )
), 0.688, 1946822, 1692.8131132125854, [(-1, 0.406, 3878892), (3, 0.406, 258604), (28, 0.406, 15411516), (29, 0.406, 15411516), (45, 0.406, 1909814), (50, 0.406, 1922150), (52, 0.406, 1938726), (78, 0.406, 1926454), (278, 0.406, 15228958), (1284, 0.406, 1946822)]), (HyperModel(
  (layers): ModuleList(
    (0): GeoLayer(3703, 16, heads=6)
    (1): Sigmoid()
    (2): GeoLayer(96, 6, heads=8)
    (3): ELU(alpha=1.0)
  )
), 0.64, 364732, 1857.391164779663, [(-1, 0.59, 7705270), (2, 0.59, 1918204), (4, 0.59, 1918204), (35, 0.59, 119430), (410, 0.59, 954956), (578, 0.59, 364732)]), (HyperModel(
  (layers): ModuleList(
    (0): GeoLayer(3703, 64, heads=16)
    (1): ReLU6()
    (2): GeoLayer(1024, 6, heads=1)
    (3): Tanh()
  )
), 0.628, 3801106, 939.2261991500854, [(-1, 0.614, 1902232), (1, 0.614, 1902232), (2, 0.614, 7603864), (19, 0.614, 7602200), (21, 0.614, 7602194), (187, 0.614, 959174), (733, 0.614, 3801106)]), (HyperModel(
  (layers): ModuleList(
    (0): GeoLayer(3703, 16, heads=6)
    (1): Tanh()
    (2): GeoLayer(96, 6, heads=1)
    (3): Tanh()
  )
), 0.5, 358040, 943.6388919353485, [(-1, 0.678, 121894), (0, 0.678, 121894), (100, 0.678, 119414), (102, 0.678, 119420), (402, 0.678, 358040)]), (HyperModel(
  (layers): ModuleList(
    (0): GeoLayer(3703, 64, heads=8)
    (1): ReLU6()
    (2): GeoLayer(512, 6, heads=8)
    (3): ReLU6()
  )
), 0.682, 1922156, 1240.1463723182678, [(-1, 0.45, 7729620), (1, 0.45, 15327316), (2, 0.45, 15327310), (57, 0.45, 475934), (92, 0.45, 3831892), (554, 0.45, 1922156)]), (HyperModel(
  (layers): ModuleList(
    (0): GeoLayer(3703, 256, heads=4)
    (1): ReLU()
    (2): GeoLayer(1024, 6, heads=1)
    (3): Tanh()
  )
), 0.695, 3801112, 1098.7383389472961, [(-1, 0.578, 1016210), (1, 0.578, 1016210), (4, 0.578, 479394), (7, 0.578, 480174), (56, 0.578, 738540), (155, 0.578, 5729334), (167, 0.578, 1903652), (735, 0.578, 3801112)]), (HyperModel(
  (layers): ModuleList(
    (0): GeoLayer(3703, 512, heads=6)
    (1): ReLU()
    (2): GeoLayer(3072, 6, heads=2)
    (3): ReLU6()
  )
), 0.602, 11422238, 895.0522210597992, [(-1, 0.582, 494070), (0, 0.582, 494070), (4, 0.582, 1975734), (10, 0.582, 7680414), (140, 0.582, 1915982), (322, 0.582, 11422238)]), (HyperModel(
  (layers): ModuleList(
    (0): GeoLayer(3703, 128, heads=4)
    (1): ELU(alpha=1.0)
    (2): GeoLayer(512, 6, heads=16)
    (3): Sigmoid()
  )
), 0.638, 1979846, 1456.8464045524597, [(-1, 0.634, 2916326), (13, 0.634, 2907086), (49, 0.634, 512206), (378, 0.634, 247766), (389, 0.634, 1979846)]), (HyperModel(
  (layers): ModuleList(
    (0): GeoLayer(3703, 16, heads=6)
    (1): ReLU6()
    (2): GeoLayer(96, 6, heads=8)
    (3): Tanh()
  )
), 0.67, 360486, 662.2057821750641, [(-1, 0.536, 246334), (1, 0.536, 248710), (2, 0.536, 1988070), (4, 0.536, 1988070), (191, 0.536, 1039430), (440, 0.536, 485846), (446, 0.536, 488966), (808, 0.536, 961382), (810, 0.536, 60166), (1103, 0.536, 119414), (1211, 0.536, 360486)]), (HyperModel(
  (layers): ModuleList(
    (0): GeoLayer(3703, 256, heads=8)
    (1): Identity()
    (2): GeoLayer(2048, 6, heads=8)
    (3): Sigmoid()
  )
), 0.649, 7688300, 3747.3012936115265, [(-1, 0.688, 7786694), (2, 0.688, 7688294), (578, 0.688, 7688300)]), (HyperModel(
  (layers): ModuleList(
    (0): GeoLayer(3703, 64, heads=4)
    (1): LeakyReLU(negative_slope=0.01)
    (2): GeoLayer(256, 6, heads=4)
    (3): ReLU()
  )
), 0.694, 954940, 674.1312320232391, [(-1, 0.468, 963940), (0, 0.468, 963940), (1, 0.468, 963940), (2, 0.468, 963940), (10, 0.468, 243806), (11, 0.468, 243806), (12, 0.468, 243806), (78, 0.468, 954940)]), (HyperModel(
  (layers): ModuleList(
    (0): GeoLayer(3703, 64, heads=2)
    (1): Identity()
    (2): GeoLayer(128, 6, heads=8)
    (3): ReLU6()
  )
), 0.68, 480614, 1250.7074465751648, [(-1, 0.444, 3911692), (0, 0.444, 3910022), (3, 0.444, 3910022), (25, 0.444, 486918), (150, 0.444, 243590), (151, 0.444, 243590), (268, 0.444, 480614)]), (HyperModel(
  (layers): ModuleList(
    (0): GeoLayer(3703, 256, heads=4)
    (1): ELU(alpha=1.0)
    (2): GeoLayer(1024, 6, heads=6)
    (3): Sigmoid()
  )
), 0.655, 3831886, 2168.245867729187, [(-1, 0.29, 15509868), (0, 0.29, 15509868), (2, 0.29, 15509868), (14, 0.29, 364726), (53, 0.29, 11811654), (56, 0.29, 11679942), (69, 0.29, 11627214), (71, 0.29, 369446), (79, 0.29, 730182), (82, 0.29, 718542), (616, 0.29, 3831886)]), (HyperModel(
  (layers): ModuleList(
    (0): GeoLayer(3703, 512, heads=8)
    (1): Identity()
    (2): GeoLayer(4096, 6, heads=16)
    (3): Sigmoid()
  )
), 0.687, 15573190, 2891.2834465503693, [(-1, 0.566, 1969566), (0, 0.566, 7680414), (1, 0.566, 7614494), (120, 0.566, 1903646), (1241, 0.566, 15573190)]), (HyperModel(
  (layers): ModuleList(
    (0): GeoLayer(3703, 128, heads=16)
    (1): ReLU()
    (2): GeoLayer(2048, 6, heads=16)
    (3): Identity()
  )
), 0.672, 7786694, 1224.0964188575745, [(-1, 0.48, 7821388), (9, 0.48, 247766), (10, 0.48, 247766), (24, 0.48, 247766), (25, 0.48, 243526), (30, 0.48, 991054), (33, 0.48, 119822), (37, 0.48, 973526), (74, 0.48, 3831886), (337, 0.48, 7786694)]), (HyperModel(
  (layers): ModuleList(
    (0): GeoLayer(3703, 256, heads=1)
    (1): Sigmoid()
    (2): GeoLayer(256, 6, heads=1)
    (3): Softplus(beta=1, threshold=20)
  )
), 0.646, 950296, 932.1400909423828, [(-1, 0.39, 515308), (0, 0.39, 515308), (2, 0.39, 515308), (4, 0.39, 482284), (8, 0.39, 119822), (11, 0.39, 119822), (39, 0.39, 15228958), (90, 0.39, 475934), (437, 0.39, 950296)])]
