Results:  [(HyperModel(
  (layers): ModuleList(
    (0): GeoLayer(3703, 8, heads=4)
    (1): Sigmoid()
    (2): GeoLayer(32, 6, heads=6)
    (3): Tanh()
  )
), 0.698, 119822, 138.04445624351501, [(-1, 0.64, 474494), (0, 0.668, 474494), (2, 0.69, 474494), (62, 0.704, 7588754), (262, 0.704, 475126), (314, 0.704, 179094), (708, 0.7, 119822)]), (HyperModel(
  (layers): ModuleList(
    (0): GeoLayer(3703, 16, heads=6)
    (1): LeakyReLU(negative_slope=0.01)
    (2): GeoLayer(96, 6, heads=2)
    (3): ELU(alpha=1.0)
  )
), 0.562, 361204, 110.56623959541321, [(-1, 0.564, 256142), (15, 0.582, 365220), (19, 0.602, 365220), (22, 0.66, 361198), (25, 0.69, 361204)]), (HyperModel(
  (layers): ModuleList(
    (0): GeoLayer(3703, 8, heads=16)
    (1): ELU(alpha=1.0)
    (2): GeoLayer(128, 6, heads=4)
    (3): Softplus(beta=1, threshold=20)
  )
), 0.639, 477494, 152.81071639060974, [(-1, 0.484, 180764), (8, 0.55, 180764), (11, 0.59, 180764), (22, 0.654, 479164), (42, 0.696, 1909814), (132, 0.7, 477494)]), (HyperModel(
  (layers): ModuleList(
    (0): GeoLayer(3703, 4, heads=8)
    (1): ReLU6()
    (2): GeoLayer(32, 6, heads=6)
    (3): Sigmoid()
  )
), 0.71, 119826, 121.55757141113281, [(-1, 0.466, 1899492), (1, 0.622, 1899492), (13, 0.624, 121492), (52, 0.652, 241236), (90, 0.668, 121492), (134, 0.674, 120230), (142, 0.688, 120234), (223, 0.698, 1915982), (279, 0.696, 119826)]), (HyperModel(
  (layers): ModuleList(
    (0): GeoLayer(3703, 128, heads=6)
    (1): Sigmoid()
    (2): GeoLayer(128, 6, heads=4)
    (3): Identity()
  )
), 0.703, 2881718, 179.80384063720703, [(-1, 0.138, 91978), (1, 0.216, 182074), (7, 0.326, 181768), (14, 0.366, 182188), (40, 0.492, 241228), (43, 0.52, 239558), (46, 0.62, 1915190), (53, 0.674, 2881718), (367, 0.678, 239558), (460, 0.69, 2881718)]), (HyperModel(
  (layers): ModuleList(
    (0): GeoLayer(3703, 128, heads=2)
    (1): Tanh()
    (2): GeoLayer(128, 6, heads=4)
    (3): Identity()
  )
), 0.654, 953404, 166.7764434814453, [(-1, 0.422, 992724), (0, 0.518, 992724), (23, 0.558, 3835800), (27, 0.586, 995820), (38, 0.636, 995820), (56, 0.65, 995820), (200, 0.662, 497300), (559, 0.674, 953404)]), (HyperModel(
  (layers): ModuleList(
    (0): GeoLayer(3703, 64, heads=8)
    (1): Tanh()
    (2): GeoLayer(512, 6, heads=1)
    (3): ELU(alpha=1.0)
  )
), 0.683, 1917138, 250.5790891647339, [(-1, 0.138, 62698), (3, 0.212, 18238), (8, 0.382, 34474), (13, 0.422, 66946), (19, 0.456, 481900), (64, 0.506, 3831874), (94, 0.548, 484964), (148, 0.576, 3829528), (380, 0.576, 984094), (396, 0.6, 982418), (402, 0.62, 63650), (411, 0.628, 3827858), (601, 0.634, 122930), (603, 0.642, 478610), (604, 0.65, 478610), (678, 0.666, 519878), (709, 0.688, 1917138)]), (HyperModel(
  (layers): ModuleList(
    (0): GeoLayer(3703, 16, heads=1)
    (1): Sigmoid()
    (2): GeoLayer(16, 6, heads=2)
    (3): LeakyReLU(negative_slope=0.01)
  )
), 0.656, 59534, 89.282723903656, [(-1, 0.358, 61852), (1, 0.382, 61636), (3, 0.402, 61636), (5, 0.556, 61204), (11, 0.57, 61204), (12, 0.63, 61204), (32, 0.644, 477732), (35, 0.66, 477732), (53, 0.654, 239272), (110, 0.652, 59534), (112, 0.67, 59534), (498, 0.678, 59534)]), (HyperModel(
  (layers): ModuleList(
    (0): GeoLayer(3703, 128, heads=1)
    (1): Tanh()
    (2): GeoLayer(128, 6, heads=1)
    (3): Tanh()
  )
), 0.526, 476824, 461.69705867767334, [(-1, 0.394, 238506), (10, 0.466, 7629036), (16, 0.496, 7627476), (29, 0.538, 513748), (45, 0.562, 1908684), (163, 0.608, 7722988), (169, 0.628, 984984), (181, 0.646, 1935256), (230, 0.644, 476824), (263, 0.656, 7690092), (584, 0.692, 476824)]), (HyperModel(
  (layers): ModuleList(
    (0): GeoLayer(3703, 8, heads=6)
    (1): ReLU6()
    (2): GeoLayer(48, 6, heads=1)
    (3): Sigmoid()
  )
), 0.657, 179864, 67.59043312072754, [(-1, 0.462, 31384), (1, 0.486, 31384), (2, 0.498, 31384), (6, 0.57, 61080), (8, 0.618, 61080), (51, 0.656, 239256), (66, 0.69, 477494), (386, 0.712, 179864)]), (HyperModel(
  (layers): ModuleList(
    (0): GeoLayer(3703, 4, heads=16)
    (1): Softplus(beta=1, threshold=20)
    (2): GeoLayer(64, 6, heads=2)
    (3): Sigmoid()
  )
), 0.497, 239652, 106.21811294555664, [(-1, 0.492, 1923852), (0, 0.57, 242032), (1, 0.616, 239656), (21, 0.624, 239652), (22, 0.64, 239652), (217, 0.656, 239652)]), (HyperModel(
  (layers): ModuleList(
    (0): GeoLayer(3703, 8, heads=4)
    (1): Identity()
    (2): GeoLayer(32, 6, heads=4)
    (3): Identity()
  )
), 0.603, 119414, 120.40262055397034, [(-1, 0.574, 973180), (0, 0.586, 973180), (5, 0.6, 971510), (8, 0.634, 971510), (9, 0.642, 971510), (30, 0.65, 121084), (34, 0.67, 119414), (186, 0.678, 59734), (366, 0.686, 951718), (690, 0.684, 119414)]), (HyperModel(
  (layers): ModuleList(
    (0): GeoLayer(3703, 64, heads=2)
    (1): ELU(alpha=1.0)
    (2): GeoLayer(64, 6, heads=4)
    (3): Tanh()
  )
), 0.64, 492470, 103.96610713005066, [(-1, 0.466, 720974), (0, 0.544, 720974), (15, 0.544, 246734), (17, 0.642, 246734), (72, 0.676, 246734), (698, 0.706, 492470)]), (HyperModel(
  (layers): ModuleList(
    (0): GeoLayer(3703, 32, heads=4)
    (1): Tanh()
    (2): GeoLayer(128, 6, heads=4)
    (3): Sigmoid()
  )
), 0.697, 477494, 227.7810263633728, [(-1, 0.582, 724690), (113, 0.62, 1917652), (122, 0.674, 3816902), (507, 0.692, 475934), (684, 0.704, 477494)]), (HyperModel(
  (layers): ModuleList(
    (0): GeoLayer(3703, 128, heads=16)
    (1): ReLU6()
    (2): GeoLayer(2048, 6, heads=2)
    (3): Tanh()
  )
), 0.614, 7647518, 315.929404258728, [(-1, 0.544, 7647518), (2, 0.578, 7647518), (4, 0.63, 3823838), (12, 0.652, 1444318), (17, 0.652, 478118), (26, 0.664, 2916198), (41, 0.666, 482798), (697, 0.684, 7647518)]), (HyperModel(
  (layers): ModuleList(
    (0): GeoLayer(3703, 128, heads=4)
    (1): LeakyReLU(negative_slope=0.01)
    (2): GeoLayer(128, 6, heads=16)
    (3): ELU(alpha=1.0)
  )
), 0.698, 1909574, 271.22570419311523, [(-1, 0.266, 123388), (2, 0.318, 123388), (5, 0.572, 1944268), (15, 0.6, 1944268), (91, 0.598, 521548), (94, 0.634, 488524), (136, 0.65, 488524), (244, 0.688, 7633478), (498, 0.7, 1909574)]), (HyperModel(
  (layers): ModuleList(
    (0): GeoLayer(3703, 32, heads=2)
    (1): ReLU()
    (2): GeoLayer(64, 6, heads=16)
    (3): Tanh()
  )
), 0.47, 245196, 233.26036143302917, [(-1, 0.57, 120676), (4, 0.672, 245196)]), (HyperModel(
  (layers): ModuleList(
    (0): GeoLayer(3703, 4, heads=8)
    (1): Tanh()
    (2): GeoLayer(32, 6, heads=6)
    (3): Tanh()
  )
), 0.458, 121492, 120.54425477981567, [(-1, 0.566, 243420), (1, 0.642, 241236), (13, 0.704, 121492)]), (HyperModel(
  (layers): ModuleList(
    (0): GeoLayer(3703, 16, heads=6)
    (1): ELU(alpha=1.0)
    (2): GeoLayer(16, 6, heads=6)
    (3): Sigmoid()
  )
), 0.704, 356350, 105.36236882209778, [(-1, 0.506, 361720), (0, 0.524, 361720), (1, 0.534, 361720), (16, 0.69, 356566), (467, 0.704, 3794386), (468, 0.708, 1423186), (509, 0.704, 356350)]), (HyperModel(
  (layers): ModuleList(
    (0): GeoLayer(3703, 8, heads=6)
    (1): Softplus(beta=1, threshold=20)
    (2): GeoLayer(48, 6, heads=2)
    (3): Sigmoid()
  )
), 0.647, 180678, 201.8628580570221, [(-1, 0.23, 17692), (1, 0.472, 17692), (20, 0.51, 91932), (26, 0.614, 182048), (78, 0.644, 1445988), (131, 0.664, 1965068), (170, 0.664, 90730), (182, 0.672, 181278), (272, 0.684, 722238), (332, 0.678, 92602), (537, 0.694, 180678)]), (HyperModel(
  (layers): ModuleList(
    (0): GeoLayer(3703, 64, heads=6)
    (1): Identity()
    (2): GeoLayer(64, 6, heads=8)
    (3): LeakyReLU(negative_slope=0.01)
  )
), 0.671, 1426022, 149.697683095932, [(-1, 0.552, 91046), (1, 0.626, 90266), (66, 0.654, 3819574), (70, 0.656, 1432438), (71, 0.666, 1424438), (72, 0.684, 1424438), (83, 0.698, 1425230), (248, 0.71, 1426022)]), (HyperModel(
  (layers): ModuleList(
    (0): GeoLayer(3703, 64, heads=16)
    (1): ReLU6()
    (2): GeoLayer(64, 6, heads=4)
    (3): ReLU6()
  )
), 0.581, 3795574, 282.7578499317169, [(-1, 0.616, 483854), (5, 0.632, 3812150), (116, 0.674, 3837826), (182, 0.674, 118934), (191, 0.676, 30014), (354, 0.698, 7625678), (728, 0.696, 3795574)]), (HyperModel(
  (layers): ModuleList(
    (0): GeoLayer(3703, 8, heads=16)
    (1): Identity()
    (2): GeoLayer(128, 6, heads=8)
    (3): Sigmoid()
  )
), 0.698, 480614, 84.7733428478241, [(-1, 0.602, 64196), (25, 0.664, 119054), (68, 0.678, 479054), (260, 0.676, 61030), (309, 0.692, 480614), (582, 0.714, 480614)]), (HyperModel(
  (layers): ModuleList(
    (0): GeoLayer(3703, 64, heads=2)
    (1): ReLU6()
    (2): GeoLayer(64, 6, heads=4)
    (3): ELU(alpha=1.0)
  )
), 0.663, 475894, 109.57446312904358, [(-1, 0.058, 7624234), (0, 0.588, 7649194), (22, 0.626, 118798), (23, 0.68, 118798), (227, 0.718, 475894)]), (HyperModel(
  (layers): ModuleList(
    (0): GeoLayer(3703, 16, heads=16)
    (1): ELU(alpha=1.0)
    (2): GeoLayer(16, 6, heads=2)
    (3): Tanh()
  )
), 0.655, 952958, 172.2522566318512, [(-1, 0.456, 240028), (0, 0.514, 240028), (1, 0.544, 238358), (61, 0.602, 3813092), (136, 0.632, 254622), (138, 0.676, 1440222), (420, 0.67, 711838), (422, 0.686, 1897438), (458, 0.694, 952958)]), (HyperModel(
  (layers): ModuleList(
    (0): GeoLayer(3703, 64, heads=2)
    (1): ReLU()
    (2): GeoLayer(128, 6, heads=1)
    (3): ReLU6()
  )
), 0.68, 475154, 157.0387260913849, [(-1, 0.426, 256934), (1, 0.594, 255350), (57, 0.612, 254162), (83, 0.64, 971462), (107, 0.686, 721074), (577, 0.68, 475154), (579, 0.69, 475154)]), (HyperModel(
  (layers): ModuleList(
    (0): GeoLayer(3703, 128, heads=16)
    (1): ReLU()
    (2): GeoLayer(128, 6, heads=1)
    (3): Identity()
  )
), 0.681, 7588760, 167.18618988990784, [(-1, 0.058, 240250), (0, 0.176, 239998), (1, 0.268, 17698), (7, 0.316, 32518), (8, 0.416, 32518), (23, 0.422, 16028), (24, 0.448, 16028), (38, 0.486, 30848), (46, 0.514, 30848), (86, 0.532, 984874), (87, 0.57, 984874), (91, 0.642, 983204), (122, 0.652, 508184), (173, 0.66, 59360), (266, 0.674, 7588760), (429, 0.692, 475940), (533, 0.7, 7588760)]), (HyperModel(
  (layers): ModuleList(
    (0): GeoLayer(3703, 128, heads=8)
    (1): ReLU()
    (2): GeoLayer(1024, 6, heads=1)
    (3): ReLU6()
  )
), 0.637, 3835800, 165.53542685508728, [(-1, 0.058, 62776), (0, 0.192, 62776), (2, 0.324, 62776), (3, 0.384, 62776), (6, 0.45, 62236), (8, 0.48, 62236), (51, 0.498, 62236), (52, 0.606, 62236), (303, 0.668, 60890), (441, 0.68, 3835800)]), (HyperModel(
  (layers): ModuleList(
    (0): GeoLayer(3703, 16, heads=6)
    (1): Identity()
    (2): GeoLayer(96, 6, heads=2)
    (3): Tanh()
  )
), 0.671, 356958, 100.66610670089722, [(-1, 0.338, 90672), (0, 0.456, 90672), (1, 0.564, 90932), (2, 0.602, 90932), (12, 0.642, 90932), (16, 0.652, 89886), (20, 0.664, 91556), (65, 0.678, 2873934), (248, 0.684, 1425252), (375, 0.7, 356958)]), (HyperModel(
  (layers): ModuleList(
    (0): GeoLayer(3703, 32, heads=4)
    (1): Softplus(beta=1, threshold=20)
    (2): GeoLayer(32, 6, heads=2)
    (3): Sigmoid()
  )
), 0.653, 483038, 136.2466902732849, [(-1, 0.322, 123388), (3, 0.44, 485116), (4, 0.53, 485116), (7, 0.562, 485116), (10, 0.602, 485116), (69, 0.61, 496876), (95, 0.65, 483446), (241, 0.664, 1908614), (267, 0.664, 483038), (278, 0.682, 483038)]), (HyperModel(
  (layers): ModuleList(
    (0): GeoLayer(3703, 32, heads=8)
    (1): Softplus(beta=1, threshold=20)
    (2): GeoLayer(256, 6, heads=2)
    (3): Tanh()
  )
), 0.677, 953508, 145.79286885261536, [(-1, 0.468, 1919836), (0, 0.584, 1919836), (97, 0.644, 953508), (121, 0.678, 477604), (706, 0.69, 953508)]), (HyperModel(
  (layers): ModuleList(
    (0): GeoLayer(3703, 32, heads=4)
    (1): Sigmoid()
    (2): GeoLayer(32, 6, heads=1)
    (3): Sigmoid()
  )
), 0.696, 474482, 132.2181680202484, [(-1, 0.488, 16650), (4, 0.66, 14974), (34, 0.706, 712622), (136, 0.728, 474482)])]
