Results:  [(HyperModel(
  (layers): ModuleList(
    (0): GeoLayer(500, 128, heads=2)
    (1): ReLU()
    (2): GeoLayer(256, 3, heads=16)
    (3): ELU(alpha=1.0)
  )
), 0.706, 142054, 3968.4497530460358, [(-1, 0.388, 557238), (1, 0.388, 557238), (2, 0.388, 557174), (5, 0.388, 219894), (7, 0.388, 82252), (10, 0.388, 49868), (48, 0.388, 34710), (127, 0.388, 279126), (150, 0.388, 270774), (151, 0.388, 270774), (209, 0.388, 540662), (452, 0.388, 142054)]), (HyperModel(
  (layers): ModuleList(
    (0): GeoLayer(500, 32, heads=1)
    (1): LeakyReLU(negative_slope=0.01)
    (2): GeoLayer(32, 3, heads=2)
    (3): Softplus(beta=1, threshold=20)
  )
), 0.749, 24655, 3762.00732254982, [(-1, 0.33, 584972), (0, 0.33, 588050), (1, 0.33, 327442), (2, 0.33, 327442), (12, 0.33, 327442), (13, 0.33, 327442), (65, 0.33, 197138), (77, 0.33, 100650), (150, 0.33, 166439), (268, 0.33, 99751), (498, 0.33, 41735), (867, 0.33, 326543), (1448, 0.33, 24655)]), (HyperModel(
  (layers): ModuleList(
    (0): GeoLayer(500, 32, heads=2)
    (1): LeakyReLU(negative_slope=0.01)
    (2): GeoLayer(64, 3, heads=6)
    (3): Identity()
  )
), 0.776, 33386, 3364.8336453437805, [(-1, 0.396, 438838), (3, 0.396, 99879), (4, 0.396, 100650), (14, 0.396, 267690), (18, 0.396, 522130), (21, 0.396, 522133), (25, 0.396, 68406), (76, 0.396, 67507), (195, 0.396, 259081), (196, 0.396, 259081), (286, 0.396, 33386)]), (HyperModel(
  (layers): ModuleList(
    (0): GeoLayer(500, 32, heads=8)
    (1): ReLU()
    (2): GeoLayer(256, 3, heads=4)
    (3): Identity()
  )
), 0.78, 131867, 3007.5427310466766, [(-1, 0.6, 16507), (2, 0.6, 24553), (11, 0.6, 98063), (172, 0.6, 17100), (194, 0.6, 49467), (239, 0.6, 97161), (407, 0.6, 134963), (539, 0.6, 65679), (1452, 0.6, 131867)]), (HyperModel(
  (layers): ModuleList(
    (0): GeoLayer(500, 64, heads=1)
    (1): Tanh()
    (2): GeoLayer(64, 3, heads=1)
    (3): Sigmoid()
  )
), 0.785, 32393, 2565.084347963333, [(-1, 0.196, 25793), (1, 0.196, 17441), (2, 0.196, 17135), (3, 0.196, 98095), (7, 0.196, 105548), (8, 0.196, 421772), (37, 0.196, 421644), (38, 0.196, 292108), (39, 0.196, 292108), (43, 0.196, 65170), (450, 0.196, 65167), (960, 0.196, 50055), (1369, 0.196, 32393)]), (HyperModel(
  (layers): ModuleList(
    (0): GeoLayer(500, 16, heads=4)
    (1): ReLU()
    (2): GeoLayer(64, 3, heads=1)
    (3): Tanh()
  )
), 0.767, 32393, 1617.2550811767578, [(-1, 0.734, 17830), (0, 0.734, 51558), (1, 0.734, 49500), (34, 0.734, 196370), (41, 0.734, 34678), (44, 0.734, 34678), (460, 0.734, 32393)]), (HyperModel(
  (layers): ModuleList(
    (0): GeoLayer(500, 128, heads=6)
    (1): ELU(alpha=1.0)
    (2): GeoLayer(768, 3, heads=1)
    (3): Sigmoid()
  )
), 0.776, 388617, 3719.4949362277985, [(-1, 0.356, 422540), (0, 0.356, 389516), (3, 0.356, 844044), (4, 0.356, 844044), (6, 0.356, 53724), (45, 0.356, 211788), (47, 0.356, 195212), (51, 0.356, 201002), (90, 0.356, 778124), (105, 0.356, 195212), (147, 0.356, 389516), (272, 0.356, 50055), (276, 0.356, 388617), (277, 0.356, 388617)]), (HyperModel(
  (layers): ModuleList(
    (0): GeoLayer(500, 32, heads=8)
    (1): ReLU6()
    (2): GeoLayer(256, 3, heads=4)
    (3): Sigmoid()
  )
), 0.789, 131867, 4468.510256290436, [(-1, 0.196, 217578), (0, 0.196, 217578), (102, 0.196, 1055646), (106, 0.196, 528286), (110, 0.196, 261522), (111, 0.196, 131218), (139, 0.196, 132766), (209, 0.196, 1583006), (318, 0.196, 527387), (322, 0.196, 521231), (323, 0.196, 130319), (385, 0.196, 269878), (977, 0.196, 65947), (979, 0.196, 131867)]), (HyperModel(
  (layers): ModuleList(
    (0): GeoLayer(500, 64, heads=1)
    (1): ELU(alpha=1.0)
    (2): GeoLayer(64, 3, heads=6)
    (3): Identity()
  )
), 0.761, 33383, 4626.060001373291, [(-1, 0.682, 572723), (0, 0.682, 302899), (46, 0.682, 282211), (49, 0.682, 36262), (59, 0.682, 533543), (84, 0.682, 65947), (160, 0.682, 70627), (162, 0.682, 70627), (1300, 0.682, 131867), (1348, 0.682, 33383)]), (HyperModel(
  (layers): ModuleList(
    (0): GeoLayer(500, 32, heads=8)
    (1): ReLU6()
    (2): GeoLayer(256, 3, heads=2)
    (3): Sigmoid()
  )
), 0.792, 130319, 2544.7602438926697, [(-1, 0.198, 259081), (0, 0.198, 259084), (1, 0.198, 259084), (3, 0.198, 64780), (13, 0.198, 195215), (15, 0.198, 259983), (16, 0.198, 259980), (19, 0.198, 259084), (90, 0.198, 48588), (256, 0.198, 65167), (257, 0.198, 130319), (261, 0.198, 130319)]), (HyperModel(
  (layers): ModuleList(
    (0): GeoLayer(500, 32, heads=6)
    (1): LeakyReLU(negative_slope=0.01)
    (2): GeoLayer(192, 3, heads=1)
    (3): Sigmoid()
  )
), 0.79, 97161, 4360.218622684479, [(-1, 0.502, 100970), (0, 0.502, 98060), (15, 0.502, 1080246), (18, 0.502, 1079347), (19, 0.502, 1079347), (20, 0.502, 1036297), (45, 0.502, 278227), (53, 0.502, 101235), (59, 0.502, 100074), (109, 0.502, 259084), (164, 0.502, 133415), (795, 0.502, 97161)]), (HyperModel(
  (layers): ModuleList(
    (0): GeoLayer(500, 16, heads=6)
    (1): Tanh()
    (2): GeoLayer(96, 3, heads=1)
    (3): Tanh()
  )
), 0.756, 49484, 4183.42683506012, [(-1, 0.688, 198686), (0, 0.688, 50366), (8, 0.688, 49484), (18, 0.688, 54883), (32, 0.688, 202419), (126, 0.688, 100071), (1448, 0.688, 49484)]), (HyperModel(
  (layers): ModuleList(
    (0): GeoLayer(500, 64, heads=1)
    (1): ReLU6()
    (2): GeoLayer(64, 3, heads=6)
    (3): Identity()
  )
), 0.774, 33386, 3513.1356139183044, [(-1, 0.656, 98700), (12, 0.656, 132766), (15, 0.656, 130444), (32, 0.656, 801194), (57, 0.656, 68406), (59, 0.656, 34282), (167, 0.656, 65679), (197, 0.656, 68406), (828, 0.656, 131867), (1278, 0.656, 33295), (1312, 0.656, 33386)]), (HyperModel(
  (layers): ModuleList(
    (0): GeoLayer(500, 512, heads=1)
    (1): ReLU()
    (2): GeoLayer(512, 3, heads=8)
    (3): Sigmoid()
  )
), 0.787, 269875, 4747.516282081604, [(-1, 0.772, 533543), (35, 0.772, 66066), (50, 0.772, 539699), (51, 0.772, 269875)]), (HyperModel(
  (layers): ModuleList(
    (0): GeoLayer(500, 128, heads=6)
    (1): LeakyReLU(negative_slope=0.01)
    (2): GeoLayer(768, 3, heads=16)
    (3): Sigmoid()
  )
), 0.69, 423267, 4448.970460891724, [(-1, 0.196, 422540), (0, 0.196, 422540), (3, 0.196, 650764), (4, 0.196, 649865), (5, 0.196, 390793), (7, 0.196, 24553), (96, 0.196, 348131), (98, 0.196, 846435), (99, 0.196, 846435), (159, 0.196, 263707), (167, 0.196, 423267)]), (HyperModel(
  (layers): ModuleList(
    (0): GeoLayer(500, 64, heads=8)
    (1): ReLU()
    (2): GeoLayer(512, 3, heads=8)
    (3): Softplus(beta=1, threshold=20)
  )
), 0.765, 269875, 2998.7565081119537, [(-1, 0.786, 134963), (14, 0.786, 33779), (35, 0.786, 32987), (173, 0.786, 141155), (196, 0.786, 269875), (299, 0.786, 67510), (446, 0.786, 67507), (899, 0.786, 269875)]), (HyperModel(
  (layers): ModuleList(
    (0): GeoLayer(500, 128, heads=4)
    (1): ReLU6()
    (2): GeoLayer(512, 3, heads=6)
    (3): LeakyReLU(negative_slope=0.01)
  )
), 0.78, 266791, 4911.977561235428, [(-1, 0.388, 41735), (16, 0.388, 599463), (25, 0.388, 75978), (27, 0.388, 74418), (30, 0.388, 587151), (36, 0.388, 293647), (85, 0.388, 73519), (86, 0.388, 73519), (115, 0.388, 40943), (227, 0.388, 142666), (376, 0.388, 282211), (379, 0.388, 266791)]), (HyperModel(
  (layers): ModuleList(
    (0): GeoLayer(500, 16, heads=6)
    (1): ReLU6()
    (2): GeoLayer(96, 3, heads=8)
    (3): Softplus(beta=1, threshold=20)
  )
), 0.784, 50646, 2622.2344586849213, [(-1, 0.312, 17409), (1, 0.312, 18633), (2, 0.312, 18633), (8, 0.312, 48585), (13, 0.312, 49484), (123, 0.312, 101235), (292, 0.312, 50643), (506, 0.312, 48585), (1164, 0.312, 50646)]), (HyperModel(
  (layers): ModuleList(
    (0): GeoLayer(500, 32, heads=4)
    (1): LeakyReLU(negative_slope=0.01)
    (2): GeoLayer(128, 3, heads=8)
    (3): Sigmoid()
  )
), 0.784, 67507, 3968.5183675289154, [(-1, 0.742, 282211), (0, 0.742, 282211), (4, 0.742, 259081), (46, 0.742, 282214), (76, 0.742, 266794), (143, 0.742, 282214), (332, 0.742, 35395), (333, 0.742, 35395), (405, 0.742, 260882), (775, 0.742, 67507)]), (HyperModel(
  (layers): ModuleList(
    (0): GeoLayer(500, 32, heads=4)
    (1): Tanh()
    (2): GeoLayer(128, 3, heads=4)
    (3): Sigmoid()
  )
), 0.772, 65950, 2870.528426170349, [(-1, 0.72, 12615), (4, 0.72, 12507), (6, 0.72, 37227), (16, 0.72, 136107), (21, 0.72, 1087771), (103, 0.72, 264609), (154, 0.72, 263707), (155, 0.72, 32987), (309, 0.72, 1079350), (614, 0.72, 67507), (615, 0.72, 67507), (753, 0.72, 65950)]), (HyperModel(
  (layers): ModuleList(
    (0): GeoLayer(500, 512, heads=1)
    (1): ReLU6()
    (2): GeoLayer(512, 3, heads=2)
    (3): Identity()
  )
), 0.765, 261135, 4205.190089702606, [(-1, 0.196, 316134), (0, 0.196, 315235), (2, 0.196, 302899), (45, 0.196, 303027), (47, 0.196, 168115), (317, 0.196, 151539), (328, 0.196, 293775), (457, 0.196, 402099), (479, 0.196, 42131), (691, 0.196, 539699), (697, 0.196, 521231), (906, 0.196, 261135)]), (HyperModel(
  (layers): ModuleList(
    (0): GeoLayer(500, 32, heads=4)
    (1): Tanh()
    (2): GeoLayer(128, 3, heads=6)
    (3): Tanh()
  )
), 0.782, 66727, 2818.3500311374664, [(-1, 0.784, 197787), (3, 0.784, 98907), (12, 0.784, 101235), (71, 0.784, 37623), (72, 0.784, 37623), (136, 0.784, 66727)]), (HyperModel(
  (layers): ModuleList(
    (0): GeoLayer(500, 128, heads=1)
    (1): ReLU6()
    (2): GeoLayer(128, 3, heads=16)
    (3): Tanh()
  )
), 0.755, 71526, 3159.0268313884735, [(-1, 0.196, 104550), (1, 0.196, 414822), (4, 0.196, 391692), (5, 0.196, 391692), (6, 0.196, 391692), (19, 0.196, 422540), (21, 0.196, 389519), (22, 0.196, 389516), (43, 0.196, 131218), (48, 0.196, 261522), (70, 0.196, 391829), (175, 0.196, 71526)]), (HyperModel(
  (layers): ModuleList(
    (0): GeoLayer(500, 64, heads=2)
    (1): Tanh()
    (2): GeoLayer(128, 3, heads=8)
    (3): Softplus(beta=1, threshold=20)
  )
), 0.787, 67507, 3937.161416530609, [(-1, 0.702, 456291), (0, 0.702, 456291), (5, 0.702, 141155), (6, 0.702, 141155), (7, 0.702, 141155), (118, 0.702, 269875), (188, 0.702, 269875), (201, 0.702, 564323), (506, 0.702, 67507), (507, 0.702, 67507)]), (HyperModel(
  (layers): ModuleList(
    (0): GeoLayer(500, 64, heads=2)
    (1): Identity()
    (2): GeoLayer(128, 3, heads=4)
    (3): ReLU()
  )
), 0.783, 65947, 5287.850311994553, [(-1, 0.196, 672822), (1, 0.196, 672822), (10, 0.196, 399914), (11, 0.196, 399914), (14, 0.196, 50858), (16, 0.196, 34282), (43, 0.196, 141155), (231, 0.196, 207075), (1355, 0.196, 65947)]), (HyperModel(
  (layers): ModuleList(
    (0): GeoLayer(500, 64, heads=2)
    (1): Tanh()
    (2): GeoLayer(128, 3, heads=2)
    (3): Sigmoid()
  )
), 0.774, 65167, 4093.4431898593903, [(-1, 0.196, 402486), (0, 0.196, 402486), (1, 0.196, 672310), (2, 0.196, 672310), (94, 0.196, 82252), (98, 0.196, 163468), (99, 0.196, 163468), (437, 0.196, 299815), (439, 0.196, 302899), (440, 0.196, 302899), (937, 0.196, 81743), (938, 0.196, 65167)]), (HyperModel(
  (layers): ModuleList(
    (0): GeoLayer(500, 256, heads=2)
    (1): Tanh()
    (2): GeoLayer(512, 3, heads=16)
    (3): Sigmoid()
  )
), 0.753, 282214, 4086.905025243759, [(-1, 0.292, 38522), (0, 0.292, 38525), (8, 0.292, 145395), (20, 0.292, 259081), (21, 0.292, 518153), (37, 0.292, 70627), (42, 0.292, 66727), (332, 0.292, 564326), (333, 0.292, 282214)]), (HyperModel(
  (layers): ModuleList(
    (0): GeoLayer(500, 32, heads=16)
    (1): LeakyReLU(negative_slope=0.01)
    (2): GeoLayer(512, 3, heads=16)
    (3): Sigmoid()
  )
), 0.753, 282211, 3205.599846601486, [(-1, 0.196, 33886), (0, 0.196, 33886), (1, 0.196, 66846), (29, 0.196, 282211), (30, 0.196, 282211)]), (HyperModel(
  (layers): ModuleList(
    (0): GeoLayer(500, 16, heads=8)
    (1): ReLU()
    (2): GeoLayer(128, 3, heads=16)
    (3): Sigmoid()
  )
), 0.787, 70627, 4602.695996999741, [(-1, 0.782, 260623), (0, 0.782, 260626), (24, 0.782, 809526), (290, 0.782, 137655), (879, 0.782, 64777), (1194, 0.782, 70627)]), (HyperModel(
  (layers): ModuleList(
    (0): GeoLayer(500, 256, heads=2)
    (1): LeakyReLU(negative_slope=0.01)
    (2): GeoLayer(512, 3, heads=8)
    (3): Sigmoid()
  )
), 0.769, 269875, 3499.52072763443, [(-1, 0.752, 84083), (13, 0.752, 135862), (39, 0.752, 130444), (40, 0.752, 130444), (54, 0.752, 65676), (849, 0.752, 65676), (950, 0.752, 269875)]), (HyperModel(
  (layers): ModuleList(
    (0): GeoLayer(500, 64, heads=1)
    (1): Identity()
    (2): GeoLayer(64, 3, heads=16)
    (3): Sigmoid()
  )
), 0.792, 35363, 4495.164000749588, [(-1, 0.402, 211788), (32, 0.402, 912355), (65, 0.402, 195721), (80, 0.402, 847759), (131, 0.402, 195465), (142, 0.402, 210889), (280, 0.402, 194313), (282, 0.402, 194313), (283, 0.402, 194313), (287, 0.402, 32393), (288, 0.402, 32393), (724, 0.402, 35363)]), (HyperModel(
  (layers): ModuleList(
    (0): GeoLayer(500, 64, heads=6)
    (1): ELU(alpha=1.0)
    (2): GeoLayer(384, 3, heads=2)
    (3): Softplus(beta=1, threshold=20)
  )
), 0.759, 195538, 3581.3339653015137, [(-1, 0.292, 565222), (0, 0.292, 565222), (1, 0.292, 522130), (2, 0.292, 261522), (3, 0.292, 261522), (4, 0.292, 260623), (5, 0.292, 266791), (12, 0.292, 282726), (53, 0.292, 263707), (262, 0.292, 66727), (1169, 0.292, 195538)])]
