Results:  [(HyperModel(
  (layers): ModuleList(
    (0): GeoLayer(1433, 64, heads=8)
    (1): Softplus(beta=1, threshold=20)
    (2): GeoLayer(512, 7, heads=2)
    (3): ELU(alpha=1.0)
  )
), 0.347, 744362, 583.3585031032562, [(-1, 0.122, 811374), (0, 0.122, 768198), (10, 0.142, 3004586), (13, 0.238, 1519786), (17, 0.312, 1519786), (30, 0.314, 393350), (114, 0.712, 575338), (299, 0.744, 760938), (654, 0.76, 575338), (899, 0.756, 387811), (935, 0.766, 742435), (1053, 0.764, 391423), (1054, 0.766, 387811), (1138, 0.8, 744362)]), (HyperModel(
  (layers): ModuleList(
    (0): GeoLayer(1433, 4, heads=4)
    (1): Tanh()
    (2): GeoLayer(16, 7, heads=2)
    (3): ReLU6()
  )
), 0.757, 23246, 236.26005744934082, [(-1, 0.064, 26325), (0, 0.102, 26325), (6, 0.122, 26577), (7, 0.224, 26577), (11, 0.57, 26570), (58, 0.576, 12802), (60, 0.638, 12802), (78, 0.672, 12798), (79, 0.732, 24398), (138, 0.738, 23242), (141, 0.748, 23242), (161, 0.756, 23242), (198, 0.778, 23246)]), (HyperModel(
  (layers): ModuleList(
    (0): GeoLayer(1433, 32, heads=2)
    (1): Identity()
    (2): GeoLayer(64, 7, heads=4)
    (3): Tanh()
  )
), 0.778, 93759, 352.5229969024658, [(-1, 0.578, 738837), (1, 0.632, 751558), (2, 0.664, 751558), (4, 0.686, 751565), (5, 0.7, 376781), (13, 0.768, 794741), (201, 0.776, 200309), (565, 0.77, 99303), (665, 0.788, 374854), (1035, 0.788, 93759)]), (HyperModel(
  (layers): ModuleList(
    (0): GeoLayer(1433, 8, heads=4)
    (1): LeakyReLU(negative_slope=0.01)
    (2): GeoLayer(32, 7, heads=4)
    (3): Identity()
  )
), 0.795, 46911, 387.93026089668274, [(-1, 0.218, 400574), (0, 0.364, 400574), (8, 0.534, 99926), (29, 0.672, 99926), (30, 0.73, 99002), (71, 0.74, 759910), (100, 0.752, 379087), (209, 0.762, 2969635), (233, 0.782, 374847), (360, 0.782, 96613), (488, 0.784, 93759), (544, 0.784, 92373), (1389, 0.78, 46911)]), (HyperModel(
  (layers): ModuleList(
    (0): GeoLayer(1433, 32, heads=2)
    (1): ELU(alpha=1.0)
    (2): GeoLayer(64, 7, heads=4)
    (3): ReLU()
  )
), 0.745, 102111, 198.47036457061768, [(-1, 0.246, 58174), (3, 0.466, 201406), (4, 0.656, 201374), (5, 0.71, 201374), (19, 0.738, 195914), (70, 0.746, 389802), (77, 0.766, 194019), (128, 0.776, 193987), (1103, 0.772, 54787), (1312, 0.782, 102111)]), (HyperModel(
  (layers): ModuleList(
    (0): GeoLayer(1433, 8, heads=4)
    (1): ReLU()
    (2): GeoLayer(32, 7, heads=2)
    (3): ELU(alpha=1.0)
  )
), 0.801, 48619, 286.87750148773193, [(-1, 0.118, 99718), (1, 0.568, 96484), (2, 0.586, 96484), (10, 0.74, 48381), (51, 0.748, 206727), (82, 0.76, 404871), (143, 0.76, 94557), (144, 0.776, 94557), (478, 0.774, 48381), (545, 0.784, 50923), (1345, 0.784, 48619)]), (HyperModel(
  (layers): ModuleList(
    (0): GeoLayer(1433, 8, heads=2)
    (1): ReLU6()
    (2): GeoLayer(16, 7, heads=16)
    (3): LeakyReLU(negative_slope=0.01)
  )
), 0.669, 24999, 134.57852435112, [(-1, 0.698, 564166), (43, 0.714, 23487), (70, 0.742, 46435), (74, 0.774, 49767), (91, 0.784, 99303), (176, 0.792, 24999)]), (HyperModel(
  (layers): ModuleList(
    (0): GeoLayer(1433, 8, heads=4)
    (1): ReLU()
    (2): GeoLayer(32, 7, heads=1)
    (3): Sigmoid()
  )
), 0.793, 46197, 246.96172404289246, [(-1, 0.72, 46435), (0, 0.776, 46435), (246, 0.784, 95607), (604, 0.778, 92373), (726, 0.78, 47863), (837, 0.776, 46197)]), (HyperModel(
  (layers): ModuleList(
    (0): GeoLayer(1433, 8, heads=2)
    (1): LeakyReLU(negative_slope=0.01)
    (2): GeoLayer(16, 7, heads=1)
    (3): ReLU6()
  )
), 0.794, 23109, 228.98487281799316, [(-1, 0.058, 202486), (0, 0.088, 202486), (1, 0.304, 188836), (11, 0.72, 186909), (17, 0.75, 191459), (76, 0.752, 49571), (337, 0.756, 47387), (339, 0.766, 47387), (346, 0.776, 49767), (351, 0.786, 49767), (1031, 0.79, 46197), (1369, 0.784, 24999), (1375, 0.78, 23109)]), (HyperModel(
  (layers): ModuleList(
    (0): GeoLayer(1433, 32, heads=2)
    (1): Tanh()
    (2): GeoLayer(64, 7, heads=1)
    (3): LeakyReLU(negative_slope=0.01)
  )
), 0.755, 100725, 320.42773723602295, [(-1, 0.068, 39010), (1, 0.53, 296862), (3, 0.586, 296862), (9, 0.604, 105886), (28, 0.638, 392382), (30, 0.704, 392382), (66, 0.704, 288542), (106, 0.698, 54046), (111, 0.736, 197262), (281, 0.75, 102684), (585, 0.77, 287388), (757, 0.776, 142789), (886, 0.786, 142805), (1005, 0.798, 100725)]), (HyperModel(
  (layers): ModuleList(
    (0): GeoLayer(1433, 64, heads=1)
    (1): Softplus(beta=1, threshold=20)
    (2): GeoLayer(64, 7, heads=6)
    (3): Softplus(beta=1, threshold=20)
  )
), 0.805, 94683, 170.66153573989868, [(-1, 0.714, 222299), (0, 0.728, 222299), (11, 0.734, 111259), (22, 0.748, 111259), (90, 0.754, 110335), (139, 0.754, 55739), (141, 0.772, 111259), (306, 0.788, 573411), (991, 0.798, 94683)]), (HyperModel(
  (layers): ModuleList(
    (0): GeoLayer(1433, 8, heads=4)
    (1): LeakyReLU(negative_slope=0.01)
    (2): GeoLayer(32, 7, heads=4)
    (3): ELU(alpha=1.0)
  )
), 0.766, 48846, 285.7570209503174, [(-1, 0.384, 398462), (0, 0.688, 398462), (10, 0.706, 101246), (60, 0.712, 95702), (62, 0.732, 95702), (129, 0.75, 376790), (179, 0.758, 376790), (192, 0.756, 95702), (416, 0.768, 48846)]), (HyperModel(
  (layers): ModuleList(
    (0): GeoLayer(1433, 8, heads=8)
    (1): ReLU()
    (2): GeoLayer(64, 7, heads=16)
    (3): ELU(alpha=1.0)
  )
), 0.741, 101487, 454.2786109447479, [(-1, 0.17, 381014), (0, 0.448, 381014), (33, 0.674, 402693), (41, 0.684, 402693), (42, 0.708, 402693), (54, 0.734, 2990236), (69, 0.74, 375596), (226, 0.782, 1494229), (251, 0.776, 400759), (397, 0.77, 23739), (591, 0.784, 386311), (599, 0.784, 369429), (1312, 0.778, 191695), (1375, 0.776, 101487)]), (HyperModel(
  (layers): ModuleList(
    (0): GeoLayer(1433, 8, heads=1)
    (1): ELU(alpha=1.0)
    (2): GeoLayer(8, 7, heads=4)
    (3): Tanh()
  )
), 0.733, 11775, 164.91898465156555, [(-1, 0.742, 189275), (0, 0.752, 189275), (38, 0.76, 49095), (105, 0.768, 187455), (190, 0.762, 46911), (199, 0.77, 47863), (201, 0.782, 47863), (241, 0.802, 11775)]), (HyperModel(
  (layers): ModuleList(
    (0): GeoLayer(1433, 64, heads=1)
    (1): Tanh()
    (2): GeoLayer(64, 7, heads=1)
    (3): Softplus(beta=1, threshold=20)
  )
), 0.771, 108949, 250.6793932914734, [(-1, 0.194, 222406), (0, 0.286, 222406), (1, 0.45, 222406), (7, 0.512, 112262), (18, 0.708, 222406), (51, 0.71, 114110), (59, 0.722, 782526), (60, 0.76, 782526), (264, 0.766, 114110), (359, 0.774, 224119), (575, 0.77, 110335), (624, 0.784, 108949)]), (HyperModel(
  (layers): ModuleList(
    (0): GeoLayer(1433, 16, heads=1)
    (1): Identity()
    (2): GeoLayer(16, 7, heads=16)
    (3): ReLU()
  )
), 0.558, 25015, 227.76602745056152, [(-1, 0.134, 58174), (2, 0.192, 60078), (3, 0.598, 60078), (4, 0.662, 51726), (16, 0.79, 99335), (895, 0.79, 95671), (1214, 0.788, 49806), (1228, 0.794, 25015)]), (HyperModel(
  (layers): ModuleList(
    (0): GeoLayer(1433, 128, heads=1)
    (1): ReLU6()
    (2): GeoLayer(128, 7, heads=16)
    (3): Tanh()
  )
), 0.755, 198375, 282.4213056564331, [(-1, 0.06, 233326), (2, 0.092, 233326), (5, 0.126, 233326), (10, 0.156, 233326), (17, 0.16, 60046), (22, 0.192, 233326), (25, 0.266, 233326), (27, 0.292, 233326), (33, 0.31, 233326), (36, 0.43, 224226), (47, 0.494, 224226), (81, 0.658, 224226), (157, 0.708, 189275), (162, 0.73, 222299), (175, 0.756, 231399), (176, 0.77, 1222119), (687, 0.774, 231399), (856, 0.774, 222299), (1069, 0.77, 198375)]), (HyperModel(
  (layers): ModuleList(
    (0): GeoLayer(1433, 16, heads=1)
    (1): Softplus(beta=1, threshold=20)
    (2): GeoLayer(16, 7, heads=8)
    (3): Softplus(beta=1, threshold=20)
  )
), 0.778, 23991, 162.0955994129181, [(-1, 0.714, 224119), (5, 0.754, 224119), (52, 0.782, 47863), (514, 0.788, 23991), (618, 0.79, 12055), (1240, 0.8, 23991)]), (HyperModel(
  (layers): ModuleList(
    (0): GeoLayer(1433, 16, heads=4)
    (1): Tanh()
    (2): GeoLayer(64, 7, heads=8)
    (3): ELU(alpha=1.0)
  )
), 0.813, 99847, 291.1980633735657, [(-1, 0.57, 296862), (6, 0.612, 195914), (46, 0.664, 389738), (74, 0.768, 772375), (108, 0.766, 103966), (337, 0.776, 98923), (340, 0.784, 146219), (626, 0.792, 99847)]), (HyperModel(
  (layers): ModuleList(
    (0): GeoLayer(1433, 16, heads=16)
    (1): ReLU6()
    (2): GeoLayer(256, 7, heads=16)
    (3): ReLU()
  )
), 0.753, 396519, 330.4510462284088, [(-1, 0.706, 759910), (9, 0.722, 100725), (65, 0.746, 11642), (158, 0.772, 285436), (447, 0.77, 187462), (463, 0.778, 277084), (908, 0.778, 185635), (1335, 0.774, 92373), (1349, 0.784, 396519)]), (HyperModel(
  (layers): ModuleList(
    (0): GeoLayer(1433, 32, heads=8)
    (1): Softplus(beta=1, threshold=20)
    (2): GeoLayer(256, 7, heads=1)
    (3): Tanh()
  )
), 0.811, 369429, 163.22770953178406, [(-1, 0.736, 398446), (9, 0.734, 373162), (12, 0.758, 48362), (68, 0.768, 184741), (216, 0.776, 371235), (230, 0.786, 369429), (247, 0.788, 184725), (673, 0.784, 94307), (853, 0.796, 369429)]), (HyperModel(
  (layers): ModuleList(
    (0): GeoLayer(1433, 16, heads=1)
    (1): ELU(alpha=1.0)
    (2): GeoLayer(16, 7, heads=4)
    (3): LeakyReLU(negative_slope=0.01)
  )
), 0.776, 23503, 163.53206586837769, [(-1, 0.758, 47426), (12, 0.776, 23739), (114, 0.784, 25015), (643, 0.778, 23503), (687, 0.79, 23503), (1090, 0.784, 23235), (1107, 0.792, 25015), (1266, 0.796, 23755), (1388, 0.79, 23503)]), (HyperModel(
  (layers): ModuleList(
    (0): GeoLayer(1433, 4, heads=6)
    (1): ReLU()
    (2): GeoLayer(24, 7, heads=16)
    (3): ELU(alpha=1.0)
  )
), 0.766, 37383, 439.04593443870544, [(-1, 0.128, 1562878), (8, 0.122, 1180926), (10, 0.666, 1180926), (42, 0.674, 1224046), (44, 0.7, 1224046), (71, 0.718, 1159366), (75, 0.72, 580742), (112, 0.76, 145402), (578, 0.764, 35809), (728, 0.786, 38539), (1459, 0.782, 37383)]), (HyperModel(
  (layers): ModuleList(
    (0): GeoLayer(1433, 32, heads=2)
    (1): Softplus(beta=1, threshold=20)
    (2): GeoLayer(64, 7, heads=2)
    (3): ELU(alpha=1.0)
  )
), 0.739, 101187, 306.57168078422546, [(-1, 0.58, 406798), (2, 0.654, 406798), (5, 0.746, 107655), (89, 0.778, 214951), (398, 0.782, 107655), (433, 0.778, 54007), (896, 0.79, 101187)]), (HyperModel(
  (layers): ModuleList(
    (0): GeoLayer(1433, 16, heads=1)
    (1): LeakyReLU(negative_slope=0.01)
    (2): GeoLayer(16, 7, heads=2)
    (3): Sigmoid()
  )
), 0.73, 23242, 366.5344150066376, [(-1, 0.568, 759910), (0, 0.61, 191566), (3, 0.626, 3033293), (6, 0.748, 3031366), (8, 0.748, 407878), (10, 0.758, 3031494), (29, 0.752, 1560958), (33, 0.768, 198382), (42, 0.778, 198375), (43, 0.772, 24999), (45, 0.78, 24999), (47, 0.784, 23235), (1386, 0.802, 23242)]), (HyperModel(
  (layers): ModuleList(
    (0): GeoLayer(1433, 8, heads=2)
    (1): LeakyReLU(negative_slope=0.01)
    (2): GeoLayer(16, 7, heads=4)
    (3): ReLU()
  )
), 0.755, 23494, 254.50096368789673, [(-1, 0.436, 195213), (0, 0.564, 195213), (5, 0.644, 191573), (6, 0.654, 191573), (43, 0.666, 189389), (48, 0.728, 189389), (55, 0.774, 187462), (57, 0.784, 187462), (121, 0.788, 23494)]), (HyperModel(
  (layers): ModuleList(
    (0): GeoLayer(1433, 8, heads=16)
    (1): ReLU()
    (2): GeoLayer(128, 7, heads=2)
    (3): Identity()
  )
), 0.78, 185635, 394.7381660938263, [(-1, 0.338, 48362), (0, 0.488, 48362), (3, 0.662, 48838), (4, 0.68, 189382), (11, 0.72, 189382), (15, 0.744, 187562), (17, 0.778, 185635)]), (HyperModel(
  (layers): ModuleList(
    (0): GeoLayer(1433, 4, heads=16)
    (1): ELU(alpha=1.0)
    (2): GeoLayer(64, 7, heads=6)
    (3): Softplus(beta=1, threshold=20)
  )
), 0.763, 95839, 460.3035020828247, [(-1, 0.536, 1546430), (0, 0.6, 1546430), (2, 0.72, 1532066), (26, 0.744, 584219), (98, 0.752, 97534), (100, 0.776, 95607), (218, 0.776, 94683), (1308, 0.792, 189275), (1475, 0.788, 95839)]), (HyperModel(
  (layers): ModuleList(
    (0): GeoLayer(1433, 8, heads=2)
    (1): LeakyReLU(negative_slope=0.01)
    (2): GeoLayer(16, 7, heads=6)
    (3): ReLU()
  )
), 0.667, 23739, 234.7486960887909, [(-1, 0.334, 202486), (1, 0.404, 202486), (11, 0.512, 202486), (17, 0.736, 200559), (29, 0.75, 202615), (47, 0.778, 198375), (52, 0.774, 99303), (205, 0.778, 94683), (210, 0.78, 23739), (252, 0.788, 378459), (389, 0.782, 198375), (488, 0.778, 99303), (566, 0.772, 74535), (601, 0.766, 71035), (604, 0.778, 74535), (609, 0.778, 71035), (688, 0.776, 24999), (692, 0.772, 23739), (736, 0.782, 198375), (764, 0.776, 94683), (832, 0.78, 24999), (839, 0.802, 23739)]), (HyperModel(
  (layers): ModuleList(
    (0): GeoLayer(1433, 32, heads=1)
    (1): ReLU6()
    (2): GeoLayer(32, 7, heads=6)
    (3): Tanh()
  )
), 0.77, 47387, 230.7689757347107, [(-1, 0.654, 55739), (1, 0.67, 197627), (8, 0.744, 765179), (11, 0.742, 756827), (81, 0.748, 378459), (93, 0.764, 94683), (162, 0.772, 94683), (189, 0.784, 283867), (417, 0.78, 189275), (776, 0.774, 47387), (881, 0.788, 199447), (1268, 0.782, 47387)]), (HyperModel(
  (layers): ModuleList(
    (0): GeoLayer(1433, 4, heads=4)
    (1): ReLU6()
    (2): GeoLayer(16, 7, heads=1)
    (3): LeakyReLU(negative_slope=0.01)
  )
), 0.777, 23109, 225.89196801185608, [(-1, 0.072, 50546), (0, 0.088, 26318), (1, 0.548, 26318), (7, 0.644, 26155), (13, 0.73, 100459), (158, 0.776, 184796), (190, 0.78, 49767), (266, 0.78, 24999), (733, 0.79, 99303), (749, 0.786, 24999), (887, 0.78, 23113), (983, 0.794, 198383), (1056, 0.788, 25010), (1236, 0.79, 23109)]), (HyperModel(
  (layers): ModuleList(
    (0): GeoLayer(1433, 8, heads=8)
    (1): Sigmoid()
    (2): GeoLayer(64, 7, heads=2)
    (3): Softplus(beta=1, threshold=20)
  )
), 0.78, 95019, 214.72220993041992, [(-1, 0.09, 103421), (1, 0.124, 103421), (5, 0.566, 103421), (12, 0.692, 96953), (17, 0.708, 95026), (18, 0.722, 95026), (54, 0.762, 198382), (83, 0.76, 95019), (86, 0.77, 95019), (87, 0.784, 95019), (160, 0.798, 95019)])]
