Results:  [(HyperModel(
  (layers): ModuleList(
    (0): GeoLayer(1433, 4, heads=6)
    (1): ReLU()
    (2): GeoLayer(24, 7, heads=1)
    (3): Tanh()
  )
), 0.508, 37736, 300.044908285141, [(-1, 0.446, 49994), (0, 0.47, 49994), (1, 0.572, 49994), (2, 0.71, 49994), (72, 0.728, 757340), (79, 0.722, 49994), (131, 0.748, 757340), (524, 0.746, 49280), (965, 0.774, 37736)]), (HyperModel(
  (layers): ModuleList(
    (0): GeoLayer(1433, 128, heads=6)
    (1): LeakyReLU(negative_slope=0.01)
    (2): GeoLayer(128, 7, heads=8)
    (3): Identity()
  )
), 0.765, 1109623, 413.3587107658386, [(-1, 0.692, 1505564), (23, 0.716, 1139114), (26, 0.736, 1136277), (138, 0.752, 1137187), (308, 0.772, 1116775), (560, 0.776, 1104163), (722, 0.786, 1109623)]), (HyperModel(
  (layers): ModuleList(
    (0): GeoLayer(1433, 4, heads=4)
    (1): ELU(alpha=1.0)
    (2): GeoLayer(16, 7, heads=8)
    (3): ReLU()
  )
), 0.793, 23995, 234.9752357006073, [(-1, 0.744, 378466), (98, 0.766, 95611), (100, 0.774, 95611), (138, 0.782, 97534), (281, 0.78, 23495), (288, 0.794, 25007), (989, 0.788, 23991), (1117, 0.786, 23495), (1329, 0.788, 23239), (1438, 0.784, 12055), (1459, 0.792, 23995)]), (HyperModel(
  (layers): ModuleList(
    (0): GeoLayer(1433, 64, heads=1)
    (1): Sigmoid()
    (2): GeoLayer(64, 7, heads=2)
    (3): Softplus(beta=1, threshold=20)
  )
), 0.816, 92835, 242.62641215324402, [(-1, 0.662, 190878), (22, 0.77, 367875), (88, 0.778, 737563), (148, 0.778, 47863), (160, 0.778, 47387), (210, 0.788, 367637), (339, 0.804, 368827), (912, 0.8, 92835)]), (HyperModel(
  (layers): ModuleList(
    (0): GeoLayer(1433, 4, heads=4)
    (1): Identity()
    (2): GeoLayer(16, 7, heads=2)
    (3): ELU(alpha=1.0)
  )
), 0.774, 23235, 186.04207611083984, [(-1, 0.52, 50546), (0, 0.59, 50546), (9, 0.656, 26318), (11, 0.68, 26318), (22, 0.694, 375596), (75, 0.694, 26322), (91, 0.72, 49518), (124, 0.758, 96867), (126, 0.774, 49571), (127, 0.774, 48619), (198, 0.772, 47871), (213, 0.768, 23991), (233, 0.764, 23239), (307, 0.774, 48543), (640, 0.78, 23109), (1270, 0.792, 23235)]), (HyperModel(
  (layers): ModuleList(
    (0): GeoLayer(1433, 4, heads=6)
    (1): ReLU()
    (2): GeoLayer(24, 7, heads=16)
    (3): Softplus(beta=1, threshold=20)
  )
), 0.728, 37383, 206.4076783657074, [(-1, 0.344, 36279), (1, 0.356, 36279), (16, 0.48, 37126), (20, 0.536, 39310), (34, 0.636, 37126), (40, 0.744, 37383), (41, 0.804, 37383)]), (HyperModel(
  (layers): ModuleList(
    (0): GeoLayer(1433, 64, heads=4)
    (1): LeakyReLU(negative_slope=0.01)
    (2): GeoLayer(64, 7, heads=2)
    (3): ELU(alpha=1.0)
  )
), 0.788, 368355, 261.0087718963623, [(-1, 0.64, 93929), (0, 0.718, 93937), (3, 0.73, 737713), (138, 0.738, 739490), (142, 0.774, 739490), (331, 0.782, 737649), (1243, 0.776, 368355)]), (HyperModel(
  (layers): ModuleList(
    (0): GeoLayer(1433, 8, heads=16)
    (1): ReLU6()
    (2): GeoLayer(128, 7, heads=2)
    (3): ELU(alpha=1.0)
  )
), 0.762, 187562, 461.8400511741638, [(-1, 0.238, 187876), (2, 0.328, 187946), (9, 0.502, 188366), (89, 0.512, 202486), (92, 0.612, 200302), (93, 0.632, 200302), (97, 0.654, 200302), (149, 0.692, 202486), (165, 0.728, 202486), (206, 0.75, 392350), (305, 0.746, 195206), (425, 0.75, 76462), (485, 0.758, 189746), (536, 0.77, 189746), (1122, 0.772, 187562)]), (HyperModel(
  (layers): ModuleList(
    (0): GeoLayer(1433, 8, heads=2)
    (1): ELU(alpha=1.0)
    (2): GeoLayer(16, 7, heads=8)
    (3): ELU(alpha=1.0)
  )
), 0.79, 23991, 129.74281311035156, [(-1, 0.312, 14239), (0, 0.374, 14239), (2, 0.478, 14239), (8, 0.736, 73919), (14, 0.748, 73919), (43, 0.778, 73919), (190, 0.772, 50047), (215, 0.774, 23991), (558, 0.786, 71735), (560, 0.79, 23991)]), (HyperModel(
  (layers): ModuleList(
    (0): GeoLayer(1433, 32, heads=1)
    (1): Identity()
    (2): GeoLayer(32, 7, heads=2)
    (3): ELU(alpha=1.0)
  )
), 0.77, 54787, 220.4273805618286, [(-1, 0.324, 30158), (2, 0.45, 57666), (15, 0.482, 48362), (16, 0.598, 56714), (54, 0.682, 288714), (72, 0.756, 284387), (123, 0.772, 284387), (413, 0.776, 54787)]), (HyperModel(
  (layers): ModuleList(
    (0): GeoLayer(1433, 128, heads=1)
    (1): Tanh()
    (2): GeoLayer(128, 7, heads=1)
    (3): Identity()
  )
), 0.749, 217749, 194.6409249305725, [(-1, 0.542, 8883), (2, 0.572, 219683), (7, 0.594, 219683), (10, 0.702, 217756), (28, 0.714, 13749), (66, 0.73, 217749), (103, 0.762, 222299), (260, 0.756, 14099), (339, 0.766, 222299), (388, 0.768, 220479), (403, 0.762, 55263), (657, 0.782, 55263), (844, 0.798, 217749)]), (HyperModel(
  (layers): ModuleList(
    (0): GeoLayer(1433, 64, heads=1)
    (1): Sigmoid()
    (2): GeoLayer(64, 7, heads=2)
    (3): Identity()
  )
), 0.785, 109411, 168.9569218158722, [(-1, 0.072, 9506), (2, 0.14, 9506), (14, 0.322, 9506), (20, 0.498, 111345), (21, 0.532, 111345), (24, 0.564, 111345), (26, 0.594, 111345), (29, 0.614, 111345), (31, 0.658, 112269), (48, 0.652, 111259), (49, 0.7, 111259), (52, 0.716, 111259), (93, 0.78, 93314), (954, 0.794, 109411)]), (HyperModel(
  (layers): ModuleList(
    (0): GeoLayer(1433, 8, heads=16)
    (1): Identity()
    (2): GeoLayer(128, 7, heads=2)
    (3): Identity()
  )
), 0.706, 187826, 417.22776460647583, [(-1, 0.444, 30158), (0, 0.708, 30158), (134, 0.726, 189746), (136, 0.766, 195206), (328, 0.772, 187827), (865, 0.79, 187826)]), (HyperModel(
  (layers): ModuleList(
    (0): GeoLayer(1433, 4, heads=4)
    (1): ELU(alpha=1.0)
    (2): GeoLayer(16, 7, heads=1)
    (3): Softplus(beta=1, threshold=20)
  )
), 0.779, 23109, 118.4928834438324, [(-1, 0.712, 827886), (7, 0.716, 24643), (9, 0.734, 24643), (12, 0.756, 24643), (17, 0.762, 24265), (116, 0.778, 771861), (148, 0.778, 24265), (158, 0.788, 24265), (546, 0.786, 23487), (1338, 0.78, 23109), (1364, 0.79, 23109)]), (HyperModel(
  (layers): ModuleList(
    (0): GeoLayer(1433, 8, heads=2)
    (1): Identity()
    (2): GeoLayer(8, 7, heads=8)
    (3): Softplus(beta=1, threshold=20)
  )
), 0.758, 23543, 193.47897148132324, [(-1, 0.114, 188381), (0, 0.144, 188374), (2, 0.49, 186447), (5, 0.494, 25727), (9, 0.598, 48687), (10, 0.616, 48687), (42, 0.644, 48687), (43, 0.664, 48687), (53, 0.692, 48687), (58, 0.72, 387703), (82, 0.752, 204087), (362, 0.746, 25727), (390, 0.75, 23535), (405, 0.764, 187511), (409, 0.778, 187511), (888, 0.784, 46503), (1318, 0.79, 23543)]), (HyperModel(
  (layers): ModuleList(
    (0): GeoLayer(1433, 16, heads=4)
    (1): Sigmoid()
    (2): GeoLayer(64, 7, heads=6)
    (3): ELU(alpha=1.0)
  )
), 0.758, 98923, 200.79631090164185, [(-1, 0.726, 146774), (10, 0.732, 142779), (12, 0.74, 142779), (20, 0.748, 146219), (26, 0.764, 146235), (33, 0.776, 153095), (135, 0.788, 98923)]), (HyperModel(
  (layers): ModuleList(
    (0): GeoLayer(1433, 8, heads=1)
    (1): ELU(alpha=1.0)
    (2): GeoLayer(8, 7, heads=2)
    (3): Identity()
  )
), 0.748, 11643, 166.60432505607605, [(-1, 0.742, 200334), (10, 0.746, 48362), (17, 0.742, 13570), (93, 0.764, 70970), (121, 0.786, 49767), (415, 0.782, 11643), (917, 0.79, 46450), (987, 0.788, 11643)]), (HyperModel(
  (layers): ModuleList(
    (0): GeoLayer(1433, 8, heads=2)
    (1): LeakyReLU(negative_slope=0.01)
    (2): GeoLayer(8, 7, heads=4)
    (3): Sigmoid()
  )
), 0.788, 23255, 427.6711196899414, [(-1, 0.088, 1487935), (0, 0.122, 1487935), (3, 0.662, 1487935), (14, 0.762, 1486549), (38, 0.762, 1471359), (68, 0.77, 1471366), (105, 0.77, 183975), (152, 0.782, 185599), (270, 0.778, 99303), (326, 0.79, 23255)]), (HyperModel(
  (layers): ModuleList(
    (0): GeoLayer(1433, 32, heads=1)
    (1): ELU(alpha=1.0)
    (2): GeoLayer(32, 7, heads=6)
    (3): ReLU()
  )
), 0.789, 47387, 207.8442714214325, [(-1, 0.582, 208654), (16, 0.678, 206727), (17, 0.714, 206727), (18, 0.744, 193077), (140, 0.738, 186652), (148, 0.752, 186652), (152, 0.76, 186652), (186, 0.772, 183957), (198, 0.78, 184732), (372, 0.78, 99303), (384, 0.778, 92373), (475, 0.786, 183957), (586, 0.782, 92117), (945, 0.79, 187527), (1005, 0.784, 95694), (1011, 0.794, 198375), (1100, 0.788, 47387)]), (HyperModel(
  (layers): ModuleList(
    (0): GeoLayer(1433, 16, heads=6)
    (1): Identity()
    (2): GeoLayer(16, 7, heads=16)
    (3): Identity()
  )
), 0.784, 139822, 441.7111279964447, [(-1, 0.13, 38217), (8, 0.174, 1151861), (11, 0.426, 1151861), (13, 0.486, 1151854), (24, 0.616, 1151854), (41, 0.632, 378193), (42, 0.686, 286353), (132, 0.718, 554026), (136, 0.738, 554026), (548, 0.768, 185662), (550, 0.766, 184234), (601, 0.776, 279374), (605, 0.788, 279374), (1028, 0.782, 139822), (1032, 0.8, 139822)]), (HyperModel(
  (layers): ModuleList(
    (0): GeoLayer(1433, 8, heads=2)
    (1): ReLU6()
    (2): GeoLayer(8, 7, heads=2)
    (3): Tanh()
  )
), 0.78, 23115, 195.8240430355072, [(-1, 0.72, 95686), (158, 0.754, 185882), (165, 0.776, 183955), (546, 0.778, 46195), (595, 0.78, 23115), (833, 0.792, 367635), (1099, 0.79, 92135), (1397, 0.784, 46463), (1462, 0.78, 23115)]), (HyperModel(
  (layers): ModuleList(
    (0): GeoLayer(1433, 64, heads=1)
    (1): ReLU()
    (2): GeoLayer(64, 7, heads=8)
    (3): ReLU()
  )
), 0.613, 95607, 280.36402583122253, [(-1, 0.692, 207671), (1, 0.706, 589623), (10, 0.738, 573047), (103, 0.756, 1560951), (112, 0.762, 1527927), (115, 0.784, 1527927), (269, 0.778, 95607), (449, 0.778, 35927), (471, 0.786, 47863), (729, 0.782, 35567), (1249, 0.794, 95607)]), (HyperModel(
  (layers): ModuleList(
    (0): GeoLayer(1433, 32, heads=1)
    (1): Identity()
    (2): GeoLayer(32, 7, heads=4)
    (3): Softplus(beta=1, threshold=20)
  )
), 0.78, 46918, 150.1900532245636, [(-1, 0.414, 94062), (0, 0.458, 94062), (1, 0.638, 370278), (11, 0.674, 94765), (13, 0.684, 186605), (15, 0.702, 48845), (21, 0.752, 370285), (327, 0.786, 46911), (340, 0.8, 46918)]), (HyperModel(
  (layers): ModuleList(
    (0): GeoLayer(1433, 16, heads=2)
    (1): Sigmoid()
    (2): GeoLayer(32, 7, heads=16)
    (3): ELU(alpha=1.0)
  )
), 0.771, 49774, 231.42122840881348, [(-1, 0.698, 379594), (0, 0.724, 404878), (4, 0.764, 404878), (20, 0.768, 378594), (57, 0.764, 49774), (65, 0.79, 49774), (582, 0.804, 368834), (1040, 0.798, 49774)]), (HyperModel(
  (layers): ModuleList(
    (0): GeoLayer(1433, 64, heads=1)
    (1): ELU(alpha=1.0)
    (2): GeoLayer(64, 7, heads=2)
    (3): Softplus(beta=1, threshold=20)
  )
), 0.755, 94762, 235.57632756233215, [(-1, 0.428, 111338), (1, 0.668, 94762), (4, 0.754, 94762), (141, 0.77, 94762), (162, 0.778, 94762)]), (HyperModel(
  (layers): ModuleList(
    (0): GeoLayer(1433, 16, heads=8)
    (1): Identity()
    (2): GeoLayer(16, 7, heads=6)
    (3): Softplus(beta=1, threshold=20)
  )
), 0.626, 188699, 363.7066984176636, [(-1, 0.126, 374306), (0, 0.346, 98786), (5, 0.604, 98786), (13, 0.626, 100850), (27, 0.648, 195426), (73, 0.666, 775266), (79, 0.668, 407906), (81, 0.716, 1509986), (326, 0.714, 413410), (408, 0.752, 773339), (658, 0.762, 188699)]), (HyperModel(
  (layers): ModuleList(
    (0): GeoLayer(1433, 32, heads=1)
    (1): Softplus(beta=1, threshold=20)
    (2): GeoLayer(32, 7, heads=1)
    (3): ELU(alpha=1.0)
  )
), 0.79, 46229, 180.40306973457336, [(-1, 0.592, 11827), (0, 0.674, 11827), (18, 0.758, 23053), (95, 0.766, 54819), (183, 0.774, 23543), (238, 0.786, 54581), (305, 0.788, 46229), (1459, 0.8, 46229)]), (HyperModel(
  (layers): ModuleList(
    (0): GeoLayer(1433, 4, heads=8)
    (1): ELU(alpha=1.0)
    (2): GeoLayer(32, 7, heads=4)
    (3): Softplus(beta=1, threshold=20)
  )
), 0.771, 46911, 229.8024971485138, [(-1, 0.098, 38282), (0, 0.458, 38282), (2, 0.672, 96842), (11, 0.736, 96842), (84, 0.778, 374847), (108, 0.774, 93759), (110, 0.784, 93759), (265, 0.79, 46911)]), (HyperModel(
  (layers): ModuleList(
    (0): GeoLayer(1433, 16, heads=1)
    (1): Softplus(beta=1, threshold=20)
    (2): GeoLayer(16, 7, heads=1)
    (3): Tanh()
  )
), 0.794, 23109, 132.77001285552979, [(-1, 0.592, 11565), (2, 0.736, 12615), (3, 0.748, 11915), (43, 0.77, 12615), (88, 0.778, 11922), (164, 0.794, 24999), (345, 0.79, 23739), (369, 0.79, 11915), (1354, 0.802, 23109)]), (HyperModel(
  (layers): ModuleList(
    (0): GeoLayer(1433, 32, heads=4)
    (1): Softplus(beta=1, threshold=20)
    (2): GeoLayer(32, 7, heads=1)
    (3): Identity()
  )
), 0.804, 183957, 288.3760755062103, [(-1, 0.158, 381486), (0, 0.192, 381486), (12, 0.406, 381486), (14, 0.644, 381486), (17, 0.688, 379106), (81, 0.728, 95719), (82, 0.78, 95719), (85, 0.792, 95687), (307, 0.8, 742183), (380, 0.794, 95687), (1326, 0.788, 24095), (1411, 0.802, 183957)]), (HyperModel(
  (layers): ModuleList(
    (0): GeoLayer(1433, 8, heads=2)
    (1): ReLU6()
    (2): GeoLayer(16, 7, heads=1)
    (3): Sigmoid()
  )
), 0.777, 23109, 218.0485804080963, [(-1, 0.674, 204031), (1, 0.698, 204031), (3, 0.726, 187455), (4, 0.746, 562239), (36, 0.756, 782655), (38, 0.766, 738837), (75, 0.76, 184725), (99, 0.772, 187455), (115, 0.77, 24999), (116, 0.766, 23487), (219, 0.776, 396519), (350, 0.774, 46911), (453, 0.77, 23109), (460, 0.78, 23487), (1058, 0.782, 23109)]), (HyperModel(
  (layers): ModuleList(
    (0): GeoLayer(1433, 8, heads=4)
    (1): ReLU6()
    (2): GeoLayer(32, 7, heads=2)
    (3): ELU(alpha=1.0)
  )
), 0.765, 46435, 366.4205620288849, [(-1, 0.656, 784366), (1, 0.726, 784366), (131, 0.724, 775159), (157, 0.76, 26155), (539, 0.772, 742135), (576, 0.78, 740315), (1222, 0.776, 93879), (1393, 0.77, 12615), (1477, 0.786, 46435)])]
