Results:  [(HyperModel(
  (layers): ModuleList(
    (0): GeoLayer(500, 128, heads=2)
    (1): ReLU()
    (2): GeoLayer(256, 3, heads=16)
    (3): Tanh()
  )
), 0.762, 141155, 1408.9697444438934, [(-1, 0.196, 51254), (0, 0.196, 26166), (3, 0.336, 26166), (16, 0.758, 36262), (18, 0.774, 36262), (155, 0.772, 34678), (175, 0.77, 17814), (231, 0.772, 16915), (273, 0.782, 282211), (334, 0.776, 34678), (342, 0.776, 33886), (371, 0.77, 17814), (423, 0.784, 35363), (426, 0.792, 35363), (589, 0.8, 33779), (996, 0.802, 17731), (1047, 0.796, 16915), (1087, 0.804, 35363), (1460, 0.812, 141155)]), (HyperModel(
  (layers): ModuleList(
    (0): GeoLayer(500, 16, heads=2)
    (1): ReLU()
    (2): GeoLayer(32, 3, heads=1)
    (3): Sigmoid()
  )
), 0.754, 17103, 636.0548603534698, [(-1, 0.602, 35363), (1, 0.736, 32393), (65, 0.776, 8105), (73, 0.79, 259081), (95, 0.79, 64780), (165, 0.796, 16201), (438, 0.802, 8108), (471, 0.81, 131867), (473, 0.812, 130319), (771, 0.808, 64396), (788, 0.818, 17103)]), (HyperModel(
  (layers): ModuleList(
    (0): GeoLayer(500, 16, heads=6)
    (1): LeakyReLU(negative_slope=0.01)
    (2): GeoLayer(96, 3, heads=8)
    (3): Sigmoid()
  )
), 0.771, 50643, 990.6566934585571, [(-1, 0.724, 299689), (22, 0.77, 49484), (35, 0.778, 49484), (57, 0.79, 129484), (209, 0.786, 12507), (280, 0.804, 134963), (285, 0.8, 67507), (324, 0.794, 50055), (328, 0.804, 400167), (402, 0.798, 50055), (495, 0.792, 48643), (522, 0.8, 64599), (526, 0.798, 48535), (569, 0.794, 8267), (723, 0.802, 50643), (730, 0.804, 50055), (765, 0.818, 131867), (1212, 0.812, 50643)]), (HyperModel(
  (layers): ModuleList(
    (0): GeoLayer(500, 64, heads=8)
    (1): ReLU()
    (2): GeoLayer(64, 3, heads=6)
    (3): Tanh()
  )
), 0.783, 258282, 934.0352408885956, [(-1, 0.37, 84966), (6, 0.388, 84966), (24, 0.402, 10707), (32, 0.406, 10407), (33, 0.666, 10559), (48, 0.7, 81295), (53, 0.774, 81295), (67, 0.782, 283367), (121, 0.788, 67491), (465, 0.788, 35567), (491, 0.784, 10287), (493, 0.786, 8103), (724, 0.794, 11099), (806, 0.806, 34383), (1476, 0.818, 258282)]), (HyperModel(
  (layers): ModuleList(
    (0): GeoLayer(500, 32, heads=6)
    (1): ELU(alpha=1.0)
    (2): GeoLayer(192, 3, heads=8)
    (3): Sigmoid()
  )
), 0.79, 101235, 2437.814755678177, [(-1, 0.288, 110489), (0, 0.31, 110489), (8, 0.328, 14757), (11, 0.376, 438713), (19, 0.408, 106486), (34, 0.758, 437811), (75, 0.77, 517299), (76, 0.788, 517302), (123, 0.792, 386057), (213, 0.798, 101235), (215, 0.806, 101235)]), (HyperModel(
  (layers): ModuleList(
    (0): GeoLayer(500, 32, heads=2)
    (1): ReLU6()
    (2): GeoLayer(32, 3, heads=1)
    (3): ReLU6()
  )
), 0.533, 32297, 625.6492402553558, [(-1, 0.196, 5030), (1, 0.206, 6186), (6, 0.276, 6222), (7, 0.34, 42230), (9, 0.36, 41618), (36, 0.388, 6222), (72, 0.4, 6150), (106, 0.706, 41618), (291, 0.762, 5427), (428, 0.782, 32367), (945, 0.784, 16711), (1132, 0.794, 32297)]), (HyperModel(
  (layers): ModuleList(
    (0): GeoLayer(500, 4, heads=4)
    (1): Identity()
    (2): GeoLayer(16, 3, heads=6)
    (3): ELU(alpha=1.0)
  )
), 0.741, 9531, 948.5395395755768, [(-1, 0.648, 49563), (0, 0.724, 148443), (8, 0.764, 157731), (108, 0.788, 74299), (195, 0.796, 73051), (667, 0.804, 74299), (1266, 0.804, 9531)]), (HyperModel(
  (layers): ModuleList(
    (0): GeoLayer(500, 8, heads=8)
    (1): ReLU6()
    (2): GeoLayer(64, 3, heads=2)
    (3): Identity()
  )
), 0.747, 32591, 817.4242036342621, [(-1, 0.196, 9382), (0, 0.536, 8483), (3, 0.606, 8483), (7, 0.758, 130319), (24, 0.776, 8159), (70, 0.788, 141155), (120, 0.784, 35363), (206, 0.798, 141155), (235, 0.794, 35363), (595, 0.792, 16507), (615, 0.802, 67507), (676, 0.796, 9058), (738, 0.806, 32591)]), (HyperModel(
  (layers): ModuleList(
    (0): GeoLayer(500, 16, heads=4)
    (1): ReLU6()
    (2): GeoLayer(64, 3, heads=4)
    (3): ELU(alpha=1.0)
  )
), 0.78, 32987, 978.6682817935944, [(-1, 0.552, 64491), (0, 0.784, 65947), (36, 0.794, 98907), (119, 0.796, 49467), (594, 0.802, 32987)]), (HyperModel(
  (layers): ModuleList(
    (0): GeoLayer(500, 128, heads=1)
    (1): LeakyReLU(negative_slope=0.01)
    (2): GeoLayer(128, 3, heads=6)
    (3): LeakyReLU(negative_slope=0.01)
  )
), 0.689, 67626, 2213.842250585556, [(-1, 0.196, 266954), (1, 0.394, 276074), (33, 0.434, 167338), (37, 0.628, 167338), (41, 0.698, 167338), (108, 0.722, 1088670), (110, 0.768, 1088670), (190, 0.776, 276042), (620, 0.776, 133415), (621, 0.784, 133415), (683, 0.796, 166439), (771, 0.798, 67626)]), (HyperModel(
  (layers): ModuleList(
    (0): GeoLayer(500, 16, heads=8)
    (1): ELU(alpha=1.0)
    (2): GeoLayer(16, 3, heads=2)
    (3): Tanh()
  )
), 0.764, 64383, 849.0266392230988, [(-1, 0.67, 33068), (0, 0.694, 33068), (10, 0.726, 19188), (11, 0.752, 17004), (37, 0.776, 16315), (93, 0.784, 5166), (327, 0.804, 32199), (704, 0.816, 64383)]), (HyperModel(
  (layers): ModuleList(
    (0): GeoLayer(500, 64, heads=2)
    (1): Tanh()
    (2): GeoLayer(128, 3, heads=2)
    (3): Softplus(beta=1, threshold=20)
  )
), 0.753, 65167, 1063.6317155361176, [(-1, 0.196, 3058), (2, 0.308, 6322), (3, 0.384, 6322), (28, 0.416, 132766), (48, 0.74, 197787), (49, 0.804, 197787), (373, 0.806, 134963), (1042, 0.808, 65167)]), (HyperModel(
  (layers): ModuleList(
    (0): GeoLayer(500, 4, heads=2)
    (1): ELU(alpha=1.0)
    (2): GeoLayer(8, 3, heads=6)
    (3): Tanh()
  )
), 0.771, 4207, 2197.8038313388824, [(-1, 0.384, 133724), (19, 0.722, 515468), (20, 0.76, 515468), (63, 0.76, 396446), (147, 0.776, 395547), (196, 0.786, 528289), (265, 0.794, 130983), (411, 0.79, 4207)]), (HyperModel(
  (layers): ModuleList(
    (0): GeoLayer(500, 16, heads=6)
    (1): ELU(alpha=1.0)
    (2): GeoLayer(16, 3, heads=1)
    (3): Identity()
  )
), 0.772, 49167, 901.5475199222565, [(-1, 0.416, 44614), (17, 0.602, 106790), (79, 0.766, 65226), (121, 0.786, 25036), (377, 0.798, 96623), (814, 0.8, 49167)]), (HyperModel(
  (layers): ModuleList(
    (0): GeoLayer(500, 64, heads=4)
    (1): ELU(alpha=1.0)
    (2): GeoLayer(64, 3, heads=6)
    (3): Tanh()
  )
), 0.797, 129767, 785.3907082080841, [(-1, 0.788, 66727), (0, 0.782, 64903), (3, 0.786, 32775), (26, 0.78, 8223), (28, 0.782, 8103), (147, 0.796, 516519), (160, 0.802, 258279), (161, 0.796, 129767), (270, 0.798, 32471), (271, 0.792, 32201), (328, 0.802, 67491), (330, 0.796, 65511), (438, 0.79, 32393), (487, 0.804, 259495), (573, 0.8, 130983), (582, 0.802, 129767), (584, 0.812, 129767)]), (HyperModel(
  (layers): ModuleList(
    (0): GeoLayer(500, 8, heads=2)
    (1): ReLU6()
    (2): GeoLayer(16, 3, heads=6)
    (3): Tanh()
  )
), 0.735, 10559, 1551.6403682231903, [(-1, 0.262, 84202), (2, 0.388, 19794), (4, 0.388, 18895), (10, 0.764, 27239), (219, 0.762, 6391), (239, 0.774, 298787), (575, 0.78, 27231), (1032, 0.79, 10559)]), (HyperModel(
  (layers): ModuleList(
    (0): GeoLayer(500, 32, heads=2)
    (1): LeakyReLU(negative_slope=0.01)
    (2): GeoLayer(32, 3, heads=1)
    (3): Softplus(beta=1, threshold=20)
  )
), 0.758, 32265, 1049.9730110168457, [(-1, 0.25, 515806), (1, 0.498, 514907), (4, 0.716, 81691), (24, 0.756, 81691), (115, 0.764, 64521), (135, 0.79, 64521), (295, 0.798, 257289), (417, 0.8, 65115), (455, 0.798, 64521), (583, 0.796, 32987), (760, 0.804, 65115), (899, 0.798, 32265)]), (HyperModel(
  (layers): ModuleList(
    (0): GeoLayer(500, 8, heads=16)
    (1): Identity()
    (2): GeoLayer(128, 3, heads=6)
    (3): Sigmoid()
  )
), 0.783, 66727, 2566.106143474579, [(-1, 0.506, 1100970), (1, 0.528, 1100970), (10, 0.652, 279129), (15, 0.73, 278230), (26, 0.752, 139206), (48, 0.76, 1075471), (101, 0.796, 20543), (1320, 0.804, 66727), (1324, 0.812, 66727)]), (HyperModel(
  (layers): ModuleList(
    (0): GeoLayer(500, 4, heads=8)
    (1): ReLU()
    (2): GeoLayer(32, 3, heads=2)
    (3): ELU(alpha=1.0)
  )
), 0.761, 17459, 770.1971211433411, [(-1, 0.196, 10970), (2, 0.312, 19786), (5, 0.388, 18358), (9, 0.724, 18358), (15, 0.77, 18358), (93, 0.77, 5243), (98, 0.778, 5663), (110, 0.774, 5363), (237, 0.786, 17459), (356, 0.784, 5243), (495, 0.796, 69407), (1021, 0.792, 17459), (1121, 0.802, 69407), (1291, 0.796, 17459)]), (HyperModel(
  (layers): ModuleList(
    (0): GeoLayer(500, 16, heads=6)
    (1): ReLU6()
    (2): GeoLayer(16, 3, heads=8)
    (3): ReLU()
  )
), 0.52, 52883, 1159.6704032421112, [(-1, 0.282, 18198), (4, 0.3, 18562), (25, 0.722, 72646), (57, 0.74, 21155), (66, 0.768, 20951), (72, 0.764, 20747), (73, 0.772, 20747), (218, 0.792, 71747), (324, 0.786, 54883), (327, 0.792, 53707), (331, 0.802, 54295), (1053, 0.798, 52883)]), (HyperModel(
  (layers): ModuleList(
    (0): GeoLayer(500, 4, heads=16)
    (1): Tanh()
    (2): GeoLayer(64, 3, heads=2)
    (3): LeakyReLU(negative_slope=0.01)
  )
), 0.536, 32594, 1108.7791233062744, [(-1, 0.196, 35834), (3, 0.748, 34935), (7, 0.752, 33747), (15, 0.766, 33750), (16, 0.774, 33750), (31, 0.786, 32594), (412, 0.798, 194313), (422, 0.792, 101235), (558, 0.794, 32594)]), (HyperModel(
  (layers): ModuleList(
    (0): GeoLayer(500, 16, heads=8)
    (1): LeakyReLU(negative_slope=0.01)
    (2): GeoLayer(128, 3, heads=6)
    (3): Identity()
  )
), 0.78, 66743, 1382.831962108612, [(-1, 0.314, 141150), (1, 0.344, 141150), (5, 0.386, 142701), (29, 0.388, 42666), (39, 0.398, 137543), (40, 0.524, 137543), (43, 0.718, 141799), (48, 0.736, 141802), (59, 0.754, 141799), (64, 0.748, 70983), (65, 0.778, 70983), (257, 0.788, 134998), (526, 0.792, 133447), (630, 0.786, 16727), (660, 0.798, 133415), (745, 0.792, 129159), (747, 0.8, 129162), (1064, 0.796, 68839), (1133, 0.798, 66743)]), (HyperModel(
  (layers): ModuleList(
    (0): GeoLayer(500, 64, heads=4)
    (1): ReLU()
    (2): GeoLayer(64, 3, heads=6)
    (3): Tanh()
  )
), 0.735, 146343, 1551.3210108280182, [(-1, 0.31, 316134), (3, 0.36, 316134), (15, 0.376, 297318), (40, 0.388, 19638), (42, 0.402, 149222), (59, 0.74, 146343), (60, 0.748, 146343), (82, 0.76, 296419), (224, 0.77, 291739), (227, 0.77, 145353), (233, 0.788, 145353), (904, 0.786, 36495), (1143, 0.794, 146343)]), (HyperModel(
  (layers): ModuleList(
    (0): GeoLayer(500, 4, heads=16)
    (1): Tanh()
    (2): GeoLayer(64, 3, heads=2)
    (3): Sigmoid()
  )
), 0.789, 32595, 3369.0368509292603, [(-1, 0.344, 535692), (0, 0.694, 535692), (3, 0.732, 534793), (7, 0.746, 534793), (120, 0.744, 275721), (149, 0.738, 49231), (180, 0.794, 564387), (663, 0.788, 259145), (673, 0.788, 194377), (1061, 0.798, 257353), (1373, 0.792, 32595)]), (HyperModel(
  (layers): ModuleList(
    (0): GeoLayer(500, 128, heads=6)
    (1): ReLU()
    (2): GeoLayer(128, 3, heads=2)
    (3): Tanh()
  )
), 0.778, 386575, 1840.3070363998413, [(-1, 0.374, 49234), (0, 0.388, 49234), (25, 0.388, 18205), (34, 0.388, 4146), (39, 0.744, 9427), (189, 0.76, 396446), (226, 0.766, 49486), (227, 0.768, 48604), (228, 0.764, 12160), (250, 0.772, 33051), (287, 0.782, 386447), (335, 0.794, 514962), (343, 0.79, 387230), (347, 0.798, 387355), (1327, 0.792, 64777), (1352, 0.788, 49467), (1480, 0.796, 386575)]), (HyperModel(
  (layers): ModuleList(
    (0): GeoLayer(500, 64, heads=6)
    (1): Identity()
    (2): GeoLayer(384, 3, heads=8)
    (3): Sigmoid()
  )
), 0.79, 202419, 1321.8321142196655, [(-1, 0.71, 218995), (0, 0.728, 218995), (1, 0.74, 84083), (2, 0.754, 84083), (44, 0.796, 194419), (278, 0.794, 84083), (327, 0.802, 202419), (485, 0.798, 70627), (679, 0.81, 202419)]), (HyperModel(
  (layers): ModuleList(
    (0): GeoLayer(500, 16, heads=2)
    (1): Tanh()
    (2): GeoLayer(32, 3, heads=4)
    (3): ReLU6()
  )
), 0.758, 16507, 1711.63006234169, [(-1, 0.59, 8375), (1, 0.6, 8378), (5, 0.758, 8378), (18, 0.788, 50055), (125, 0.784, 48588), (187, 0.792, 65947), (199, 0.786, 33886), (280, 0.8, 388620), (435, 0.794, 16507)]), (HyperModel(
  (layers): ModuleList(
    (0): GeoLayer(500, 64, heads=2)
    (1): Tanh()
    (2): GeoLayer(64, 3, heads=2)
    (3): ReLU()
  )
), 0.777, 64719, 658.9798364639282, [(-1, 0.196, 515858), (3, 0.196, 66066), (7, 0.278, 66066), (8, 0.39, 66066), (10, 0.452, 66066), (134, 0.506, 130322), (143, 0.554, 130322), (268, 0.72, 17202), (661, 0.748, 33950), (662, 0.768, 33950), (832, 0.794, 64719)]), (HyperModel(
  (layers): ModuleList(
    (0): GeoLayer(500, 32, heads=1)
    (1): ReLU6()
    (2): GeoLayer(32, 3, heads=6)
    (3): Tanh()
  )
), 0.772, 16711, 461.65458631515503, [(-1, 0.196, 3205), (0, 0.388, 3205), (8, 0.48, 4181), (13, 0.546, 4181), (27, 0.742, 2159), (205, 0.754, 4270), (208, 0.764, 4270), (210, 0.774, 16918), (285, 0.806, 26550), (976, 0.814, 16711)]), (HyperModel(
  (layers): ModuleList(
    (0): GeoLayer(500, 64, heads=1)
    (1): ReLU()
    (2): GeoLayer(64, 3, heads=8)
    (3): Tanh()
  )
), 0.734, 50355, 1923.4758307933807, [(-1, 0.32, 210706), (0, 0.356, 210706), (1, 0.39, 210706), (30, 0.388, 27530), (45, 0.53, 212946), (64, 0.714, 212111), (73, 0.73, 219059), (117, 0.726, 49231), (189, 0.75, 218995), (292, 0.744, 53119), (301, 0.778, 49167), (303, 0.788, 49167), (1052, 0.798, 50355)]), (HyperModel(
  (layers): ModuleList(
    (0): GeoLayer(500, 32, heads=1)
    (1): Identity()
    (2): GeoLayer(32, 3, heads=8)
    (3): Tanh()
  )
), 0.736, 25267, 845.544652223587, [(-1, 0.396, 24859), (1, 0.68, 26083), (2, 0.69, 24655), (113, 0.786, 13247), (474, 0.786, 12345), (672, 0.798, 13387), (1035, 0.81, 25267)]), (HyperModel(
  (layers): ModuleList(
    (0): GeoLayer(500, 64, heads=1)
    (1): LeakyReLU(negative_slope=0.01)
    (2): GeoLayer(64, 3, heads=1)
    (3): Tanh()
  )
), 0.774, 32393, 2009.721375465393, [(-1, 0.718, 142054), (5, 0.782, 263395), (47, 0.78, 135782), (98, 0.798, 263395), (287, 0.806, 263395), (439, 0.806, 129033), (494, 0.8, 65107), (592, 0.808, 1034467), (675, 0.806, 514569), (893, 0.806, 257545), (910, 0.802, 96521), (999, 0.796, 65228), (1037, 0.806, 64777), (1073, 0.804, 32393)])]
