Results:  [(HyperModel(
  (layers): ModuleList(
    (0): GeoLayer(500, 128, heads=2)
    (1): ELU(alpha=1.0)
    (2): GeoLayer(128, 3, heads=8)
    (3): ReLU()
  )
), 0.782, 131766, 520.986602306366, [(-1, 0.196, 17078), (0, 0.276, 17114), (13, 0.388, 14254), (20, 0.528, 13098), (57, 0.796, 387227), (241, 0.79, 24347), (272, 0.798, 386447), (511, 0.8, 131766)]), (HyperModel(
  (layers): ModuleList(
    (0): GeoLayer(500, 32, heads=1)
    (1): ReLU()
    (2): GeoLayer(32, 3, heads=6)
    (3): Sigmoid()
  )
), 0.77, 25063, 1315.5810644626617, [(-1, 0.196, 438710), (3, 0.708, 303798), (45, 0.718, 75079), (52, 0.716, 25063), (76, 0.742, 142666), (110, 0.76, 68911), (131, 0.772, 275143), (141, 0.794, 275143), (293, 0.794, 19915), (368, 0.804, 25063)]), (HyperModel(
  (layers): ModuleList(
    (0): GeoLayer(500, 32, heads=1)
    (1): Identity()
    (2): GeoLayer(32, 3, heads=6)
    (3): ELU(alpha=1.0)
  )
), 0.778, 16711, 1065.017694234848, [(-1, 0.196, 259590), (5, 0.388, 267942), (30, 0.66, 17610), (120, 0.67, 25965), (125, 0.686, 51257), (162, 0.732, 84985), (241, 0.754, 34282), (309, 0.762, 52838), (345, 0.764, 25962), (355, 0.766, 17610), (393, 0.764, 16711), (501, 0.782, 16915), (736, 0.78, 16711)]), (HyperModel(
  (layers): ModuleList(
    (0): GeoLayer(500, 64, heads=4)
    (1): LeakyReLU(negative_slope=0.01)
    (2): GeoLayer(64, 3, heads=8)
    (3): Identity()
  )
), 0.793, 130163, 814.7428567409515, [(-1, 0.402, 32207), (1, 0.556, 32207), (3, 0.602, 514907), (7, 0.756, 193627), (11, 0.786, 193627), (98, 0.798, 386447), (115, 0.798, 193234), (233, 0.8, 129374), (654, 0.808, 130163)]), (HyperModel(
  (layers): ModuleList(
    (0): GeoLayer(500, 16, heads=4)
    (1): ReLU()
    (2): GeoLayer(64, 3, heads=1)
    (3): ELU(alpha=1.0)
  )
), 0.781, 32396, 1014.7660329341888, [(-1, 0.42, 70306), (5, 0.432, 71866), (52, 0.772, 551177), (57, 0.766, 69017), (231, 0.768, 32393), (363, 0.788, 533543), (446, 0.782, 32396), (449, 0.782, 16204), (459, 0.798, 32396)]), (HyperModel(
  (layers): ModuleList(
    (0): GeoLayer(500, 16, heads=4)
    (1): ReLU()
    (2): GeoLayer(16, 3, heads=4)
    (3): ELU(alpha=1.0)
  )
), 0.777, 32363, 414.56743693351746, [(-1, 0.196, 293004), (0, 0.416, 293004), (60, 0.656, 17036), (63, 0.686, 17036), (68, 0.702, 129484), (74, 0.738, 17036), (135, 0.76, 17100), (207, 0.786, 32201), (292, 0.786, 16137), (371, 0.796, 130203), (375, 0.792, 64491), (378, 0.81, 32363)]), (HyperModel(
  (layers): ModuleList(
    (0): GeoLayer(500, 4, heads=16)
    (1): ReLU()
    (2): GeoLayer(64, 3, heads=2)
    (3): Tanh()
  )
), 0.75, 33747, 1130.095337152481, [(-1, 0.196, 14598), (0, 0.36, 14598), (4, 0.66, 35438), (10, 0.776, 66961), (87, 0.788, 73710), (361, 0.784, 67351), (363, 0.794, 67351), (687, 0.792, 33747)]), (HyperModel(
  (layers): ModuleList(
    (0): GeoLayer(500, 16, heads=1)
    (1): Identity()
    (2): GeoLayer(16, 3, heads=1)
    (3): Identity()
  )
), 0.744, 8105, 504.03951382637024, [(-1, 0.602, 25758), (25, 0.632, 13298), (83, 0.704, 12399), (103, 0.724, 134684), (237, 0.736, 139203), (312, 0.756, 12345), (316, 0.766, 12345), (317, 0.778, 12345), (587, 0.786, 32591), (597, 0.788, 8105)]), (HyperModel(
  (layers): ModuleList(
    (0): GeoLayer(500, 64, heads=8)
    (1): Tanh()
    (2): GeoLayer(64, 3, heads=1)
    (3): ReLU6()
  )
), 0.543, 257289, 888.7965049743652, [(-1, 0.196, 67380), (4, 0.196, 65196), (11, 0.24, 515212), (29, 0.774, 515468), (162, 0.768, 65676), (203, 0.766, 4956), (370, 0.79, 258188), (431, 0.8, 257289)]), (HyperModel(
  (layers): ModuleList(
    (0): GeoLayer(500, 4, heads=4)
    (1): LeakyReLU(negative_slope=0.01)
    (2): GeoLayer(16, 3, heads=4)
    (3): Tanh()
  )
), 0.722, 9166, 760.2532293796539, [(-1, 0.196, 9166), (1, 0.546, 9166), (27, 0.69, 54606), (28, 0.732, 429470), (62, 0.78, 424850), (203, 0.778, 13286), (210, 0.8, 33886), (661, 0.794, 9166)]), (HyperModel(
  (layers): ModuleList(
    (0): GeoLayer(500, 16, heads=1)
    (1): ReLU6()
    (2): GeoLayer(16, 3, heads=16)
    (3): Sigmoid()
  )
), 0.514, 9814, 934.9292094707489, [(-1, 0.196, 9814), (2, 0.322, 14054), (8, 0.354, 14054), (18, 0.414, 70278), (22, 0.668, 66038), (24, 0.698, 66038), (70, 0.726, 18630), (169, 0.786, 66846), (371, 0.798, 146294), (388, 0.792, 9814)]), (HyperModel(
  (layers): ModuleList(
    (0): GeoLayer(500, 16, heads=4)
    (1): Identity()
    (2): GeoLayer(64, 3, heads=4)
    (3): Sigmoid()
  )
), 0.761, 32987, 840.2517807483673, [(-1, 0.804, 32987)]), (HyperModel(
  (layers): ModuleList(
    (0): GeoLayer(500, 8, heads=4)
    (1): ReLU()
    (2): GeoLayer(32, 3, heads=1)
    (3): Tanh()
  )
), 0.761, 16201, 734.4086136817932, [(-1, 0.732, 32243), (7, 0.8, 34143), (261, 0.794, 32987), (529, 0.79, 28731), (709, 0.796, 19915), (730, 0.792, 16201)]), (HyperModel(
  (layers): ModuleList(
    (0): GeoLayer(500, 64, heads=4)
    (1): ReLU()
    (2): GeoLayer(64, 3, heads=1)
    (3): Sigmoid()
  )
), 0.742, 128777, 658.2013440132141, [(-1, 0.768, 145947), (0, 0.794, 129371), (301, 0.798, 64707), (427, 0.808, 129767), (598, 0.802, 32591), (739, 0.81, 128777)]), (HyperModel(
  (layers): ModuleList(
    (0): GeoLayer(500, 32, heads=2)
    (1): ReLU6()
    (2): GeoLayer(64, 3, heads=8)
    (3): Tanh()
  )
), 0.776, 33779, 648.3291800022125, [(-1, 0.196, 135862), (0, 0.388, 135862), (6, 0.582, 135862), (8, 0.58, 5166), (17, 0.738, 9382), (89, 0.764, 9382), (111, 0.772, 67626), (166, 0.772, 26246), (268, 0.784, 131218), (337, 0.79, 101235), (351, 0.79, 97743), (463, 0.784, 70627), (479, 0.784, 67507), (499, 0.786, 34282), (660, 0.786, 33779)]), (HyperModel(
  (layers): ModuleList(
    (0): GeoLayer(500, 16, heads=1)
    (1): Softplus(beta=1, threshold=20)
    (2): GeoLayer(16, 3, heads=1)
    (3): Tanh()
  )
), 0.77, 9004, 317.20404028892517, [(-1, 0.632, 64329), (0, 0.714, 64329), (2, 0.762, 64329), (22, 0.77, 65139), (89, 0.764, 9274), (121, 0.764, 9004), (186, 0.776, 16915), (272, 0.802, 33292), (724, 0.796, 9004)]), (HyperModel(
  (layers): ModuleList(
    (0): GeoLayer(500, 64, heads=16)
    (1): LeakyReLU(negative_slope=0.01)
    (2): GeoLayer(1024, 3, heads=16)
    (3): Sigmoid()
  )
), 0.716, 564323, 727.5058777332306, [(-1, 0.376, 150890), (1, 0.592, 134314), (9, 0.764, 34282), (54, 0.782, 34282), (328, 0.782, 33383), (336, 0.79, 33383), (535, 0.804, 564323)]), (HyperModel(
  (layers): ModuleList(
    (0): GeoLayer(500, 32, heads=1)
    (1): ReLU()
    (2): GeoLayer(32, 3, heads=4)
    (3): Identity()
  )
), 0.778, 16510, 359.8671624660492, [(-1, 0.276, 7233), (0, 0.31, 25761), (1, 0.388, 25761), (8, 0.39, 25455), (23, 0.416, 25761), (69, 0.76, 25758), (85, 0.768, 25063), (134, 0.776, 97726), (443, 0.774, 17406), (506, 0.774, 17004), (508, 0.784, 25126), (526, 0.786, 16510)]), (HyperModel(
  (layers): ModuleList(
    (0): GeoLayer(500, 16, heads=1)
    (1): LeakyReLU(negative_slope=0.01)
    (2): GeoLayer(16, 3, heads=2)
    (3): Tanh()
  )
), 0.77, 8159, 408.9002888202667, [(-1, 0.196, 146252), (0, 0.532, 146252), (2, 0.674, 49868), (32, 0.744, 146895), (36, 0.748, 49167), (40, 0.764, 50355), (46, 0.782, 49167), (100, 0.79, 32591), (456, 0.79, 8159), (457, 0.802, 8159)]), (HyperModel(
  (layers): ModuleList(
    (0): GeoLayer(500, 32, heads=6)
    (1): Identity()
    (2): GeoLayer(32, 3, heads=4)
    (3): Identity()
  )
), 0.778, 96827, 441.4065532684326, [(-1, 0.196, 33553), (4, 0.196, 17249), (8, 0.306, 13233), (11, 0.346, 13287), (21, 0.376, 14132), (26, 0.596, 105804), (42, 0.75, 97758), (44, 0.766, 97726), (47, 0.772, 49164), (332, 0.77, 8105), (381, 0.78, 12153), (479, 0.792, 48427), (636, 0.81, 96827)]), (HyperModel(
  (layers): ModuleList(
    (0): GeoLayer(500, 64, heads=2)
    (1): Tanh()
    (2): GeoLayer(128, 3, heads=6)
    (3): Tanh()
  )
), 0.789, 66727, 680.5296618938446, [(-1, 0.336, 534442), (1, 0.362, 533543), (4, 0.416, 533543), (11, 0.78, 266791), (103, 0.792, 33383), (313, 0.792, 32591), (425, 0.802, 33383), (464, 0.81, 66727)]), (HyperModel(
  (layers): ModuleList(
    (0): GeoLayer(500, 32, heads=2)
    (1): ELU(alpha=1.0)
    (2): GeoLayer(32, 3, heads=4)
    (3): Softplus(beta=1, threshold=20)
  )
), 0.763, 32571, 571.3838403224945, [(-1, 0.754, 32153), (0, 0.78, 32153), (15, 0.794, 18630), (65, 0.792, 16507), (249, 0.788, 16201), (306, 0.796, 517283), (351, 0.806, 32571)]), (HyperModel(
  (layers): ModuleList(
    (0): GeoLayer(500, 16, heads=4)
    (1): ReLU6()
    (2): GeoLayer(64, 3, heads=8)
    (3): Tanh()
  )
), 0.78, 33779, 800.7696232795715, [(-1, 0.646, 36711), (2, 0.668, 36711), (54, 0.726, 52559), (63, 0.736, 132879), (75, 0.768, 134559), (230, 0.762, 36495), (266, 0.774, 128639), (267, 0.79, 128639), (336, 0.79, 38019), (459, 0.798, 128639), (462, 0.792, 48319), (463, 0.8, 48535), (657, 0.802, 33779)]), (HyperModel(
  (layers): ModuleList(
    (0): GeoLayer(500, 128, heads=8)
    (1): ReLU()
    (2): GeoLayer(128, 3, heads=1)
    (3): Identity()
  )
), 0.752, 514697, 461.82553720474243, [(-1, 0.196, 35263), (0, 0.388, 35263), (3, 0.526, 34364), (13, 0.544, 273929), (18, 0.626, 34585), (23, 0.754, 34585), (64, 0.756, 6249), (316, 0.778, 33391), (557, 0.772, 16153), (561, 0.784, 133431), (577, 0.782, 66743), (590, 0.804, 514697)]), (HyperModel(
  (layers): ModuleList(
    (0): GeoLayer(500, 8, heads=2)
    (1): Sigmoid()
    (2): GeoLayer(16, 3, heads=1)
    (3): Sigmoid()
  )
), 0.774, 9004, 191.16313457489014, [(-1, 0.196, 33493), (1, 0.33, 33490), (2, 0.426, 33490), (3, 0.792, 33490), (48, 0.792, 4087), (122, 0.812, 9004)]), (HyperModel(
  (layers): ModuleList(
    (0): GeoLayer(500, 4, heads=16)
    (1): LeakyReLU(negative_slope=0.01)
    (2): GeoLayer(64, 3, heads=4)
    (3): Identity()
  )
), 0.741, 34146, 938.0417513847351, [(-1, 0.508, 24859), (0, 0.516, 24859), (23, 0.576, 13543), (27, 0.728, 13855), (77, 0.772, 268978), (168, 0.77, 98194), (265, 0.774, 14482), (373, 0.79, 34146)]), (HyperModel(
  (layers): ModuleList(
    (0): GeoLayer(500, 64, heads=2)
    (1): Softplus(beta=1, threshold=20)
    (2): GeoLayer(64, 3, heads=8)
    (3): Identity()
  )
), 0.736, 66806, 542.4931509494781, [(-1, 0.462, 68839), (22, 0.698, 83382), (25, 0.706, 83382), (45, 0.734, 83385), (54, 0.75, 276153), (96, 0.756, 83382), (196, 0.77, 165686), (475, 0.78, 66806)]), (HyperModel(
  (layers): ModuleList(
    (0): GeoLayer(500, 16, heads=1)
    (1): Tanh()
    (2): GeoLayer(16, 3, heads=6)
    (3): Tanh()
  )
), 0.729, 9274, 550.5986623764038, [(-1, 0.196, 43033), (0, 0.388, 76761), (9, 0.384, 13514), (10, 0.6, 13514), (36, 0.614, 38538), (40, 0.726, 38538), (113, 0.752, 38918), (188, 0.754, 34282), (205, 0.758, 25949), (239, 0.78, 9274)]), (HyperModel(
  (layers): ModuleList(
    (0): GeoLayer(500, 64, heads=8)
    (1): ReLU6()
    (2): GeoLayer(64, 3, heads=4)
    (3): Identity()
  )
), 0.694, 258782, 784.7291212081909, [(-1, 0.388, 138410), (1, 0.406, 138206), (11, 0.646, 138206), (22, 0.674, 211102), (23, 0.766, 211102), (27, 0.76, 99870), (148, 0.772, 25758), (371, 0.768, 17406), (495, 0.798, 258782)]), (HyperModel(
  (layers): ModuleList(
    (0): GeoLayer(500, 32, heads=1)
    (1): LeakyReLU(negative_slope=0.01)
    (2): GeoLayer(32, 3, heads=1)
    (3): Sigmoid()
  )
), 0.772, 16201, 577.80784034729, [(-1, 0.752, 68406), (0, 0.762, 68406), (8, 0.76, 66846), (22, 0.774, 263739), (35, 0.788, 269875), (70, 0.79, 64777), (436, 0.8, 65947), (574, 0.8, 32987), (651, 0.802, 16507), (668, 0.804, 16201)]), (HyperModel(
  (layers): ModuleList(
    (0): GeoLayer(500, 16, heads=2)
    (1): LeakyReLU(negative_slope=0.01)
    (2): GeoLayer(32, 3, heads=1)
    (3): Tanh()
  )
), 0.702, 16201, 646.5928025245667, [(-1, 0.416, 12009), (9, 0.71, 132894), (11, 0.734, 165790), (78, 0.744, 69916), (81, 0.764, 69017), (84, 0.784, 64777), (106, 0.778, 20457), (219, 0.788, 20441), (366, 0.794, 16507), (433, 0.802, 16201)]), (HyperModel(
  (layers): ModuleList(
    (0): GeoLayer(500, 16, heads=2)
    (1): ReLU()
    (2): GeoLayer(32, 3, heads=4)
    (3): Sigmoid()
  )
), 0.767, 16507, 530.0505046844482, [(-1, 0.196, 33470), (1, 0.446, 33470), (3, 0.778, 33470), (86, 0.788, 32987), (91, 0.806, 65947), (323, 0.804, 32987), (449, 0.812, 32987), (560, 0.808, 16507)])]
