Results:  [(HyperModel(
  (layers): ModuleList(
    (0): GeoLayer(3703, 64, heads=1)
    (1): ReLU()
    (2): GeoLayer(64, 6, heads=1)
    (3): Identity()
  )
), 0.519, 255832, 213.11446142196655, [(-1, 0.46, 257020), (3, 0.564, 973180), (22, 0.586, 255832), (23, 0.636, 255832), (95, 0.658, 255832)]), (HyperModel(
  (layers): ModuleList(
    (0): GeoLayer(3703, 64, heads=1)
    (1): ReLU6()
    (2): GeoLayer(64, 6, heads=1)
    (3): Softplus(beta=1, threshold=20)
  )
), 0.655, 237586, 328.4822497367859, [(-1, 0.428, 1430796), (0, 0.504, 1430796), (7, 0.53, 1425252), (9, 0.584, 1425252), (31, 0.63, 1901868), (65, 0.642, 1424856), (86, 0.654, 1427628), (93, 0.672, 1427628), (145, 0.672, 494054), (230, 0.698, 1427628), (375, 0.692, 240358), (377, 0.7, 240358), (530, 0.706, 237586)]), (HyperModel(
  (layers): ModuleList(
    (0): GeoLayer(3703, 128, heads=2)
    (1): ELU(alpha=1.0)
    (2): GeoLayer(128, 6, heads=6)
    (3): ReLU()
  )
), 0.581, 953294, 189.95830512046814, [(-1, 0.474, 510628), (11, 0.504, 986532), (12, 0.54, 986532), (34, 0.546, 243496), (42, 0.582, 484964), (81, 0.606, 1938340), (137, 0.622, 1979846), (138, 0.644, 1933586), (267, 0.638, 60674), (347, 0.656, 61106), (367, 0.65, 30870), (675, 0.658, 123246), (1029, 0.664, 29714), (1422, 0.676, 954964), (1423, 0.688, 953294)]), (HyperModel(
  (layers): ModuleList(
    (0): GeoLayer(3703, 64, heads=2)
    (1): ELU(alpha=1.0)
    (2): GeoLayer(128, 6, heads=2)
    (3): ReLU6()
  )
), 0.687, 477604, 135.14845728874207, [(-1, 0.616, 2852504), (28, 0.658, 61188), (646, 0.674, 61080), (877, 0.698, 477604)]), (HyperModel(
  (layers): ModuleList(
    (0): GeoLayer(3703, 32, heads=6)
    (1): Tanh()
    (2): GeoLayer(192, 6, heads=4)
    (3): Sigmoid()
  )
), 0.643, 724566, 325.3212037086487, [(-1, 0.272, 243484), (0, 0.392, 243484), (23, 0.404, 62260), (33, 0.472, 1944396), (35, 0.522, 1944396), (45, 0.524, 33756), (152, 0.54, 986556), (163, 0.54, 512188), (178, 0.576, 1934914), (183, 0.582, 1901890), (186, 0.604, 1901884), (249, 0.628, 1933366), (337, 0.63, 243020), (340, 0.644, 243020), (507, 0.656, 243014), (1033, 0.676, 241814), (1189, 0.686, 1942838), (1295, 0.682, 724566)]), (HyperModel(
  (layers): ModuleList(
    (0): GeoLayer(3703, 64, heads=16)
    (1): Identity()
    (2): GeoLayer(64, 6, heads=16)
    (3): Tanh()
  )
), 0.697, 3800390, 658.2743949890137, [(-1, 0.578, 3837820), (6, 0.63, 3836150), (28, 0.64, 7672118), (29, 0.654, 7672246), (42, 0.682, 7647646), (54, 0.68, 3819638), (56, 0.696, 3819638), (128, 0.714, 7602194), (625, 0.708, 3800390)]), (HyperModel(
  (layers): ModuleList(
    (0): GeoLayer(3703, 128, heads=16)
    (1): ReLU6()
    (2): GeoLayer(2048, 6, heads=2)
    (3): LeakyReLU(negative_slope=0.01)
  )
), 0.686, 7614494, 523.8136489391327, [(-1, 0.66, 119006), (4, 0.668, 1897406), (42, 0.662, 477604), (83, 0.674, 2847134), (102, 0.704, 7589534), (370, 0.7, 948718), (1080, 0.71, 7589534), (1278, 0.718, 7614494)]), (HyperModel(
  (layers): ModuleList(
    (0): GeoLayer(3703, 32, heads=8)
    (1): ELU(alpha=1.0)
    (2): GeoLayer(256, 6, heads=4)
    (3): ELU(alpha=1.0)
  )
), 0.566, 964956, 329.6525433063507, [(-1, 0.372, 126146), (1, 0.452, 126146), (11, 0.566, 127778), (216, 0.586, 722242), (253, 0.61, 250380), (262, 0.63, 250380), (463, 0.642, 486524), (534, 0.64, 248796), (683, 0.636, 127772), (895, 0.652, 121980), (1228, 0.662, 964956)]), (HyperModel(
  (layers): ModuleList(
    (0): GeoLayer(3703, 8, heads=8)
    (1): Sigmoid()
    (2): GeoLayer(64, 6, heads=4)
    (3): Softplus(beta=1, threshold=20)
  )
), 0.692, 238774, 229.88925194740295, [(-1, 0.678, 479054), (22, 0.674, 30014), (174, 0.684, 238780), (505, 0.708, 238774)]), (HyperModel(
  (layers): ModuleList(
    (0): GeoLayer(3703, 8, heads=1)
    (1): Identity()
    (2): GeoLayer(8, 6, heads=16)
    (3): LeakyReLU(negative_slope=0.01)
  )
), 0.547, 30614, 300.0512800216675, [(-1, 0.31, 181776), (1, 0.326, 182676), (8, 0.468, 180492), (13, 0.504, 477660), (93, 0.504, 362476), (102, 0.532, 476796), (106, 0.54, 3808204), (108, 0.614, 3798844), (126, 0.622, 474694), (127, 0.65, 474694), (287, 0.652, 61030), (352, 0.656, 30614), (448, 0.694, 178814), (457, 0.704, 30614)]), (HyperModel(
  (layers): ModuleList(
    (0): GeoLayer(3703, 128, heads=6)
    (1): LeakyReLU(negative_slope=0.01)
    (2): GeoLayer(768, 6, heads=1)
    (3): Sigmoid()
  )
), 0.699, 2850834, 395.7564685344696, [(-1, 0.372, 2850364), (1, 0.644, 2848024), (4, 0.676, 2848024), (108, 0.678, 243526), (176, 0.706, 2920134), (185, 0.7, 1460166), (258, 0.706, 475934), (1022, 0.704, 356958), (1122, 0.712, 2920134), (1155, 0.71, 91446), (1247, 0.72, 2850834)]), (HyperModel(
  (layers): ModuleList(
    (0): GeoLayer(3703, 16, heads=16)
    (1): ReLU()
    (2): GeoLayer(16, 6, heads=6)
    (3): LeakyReLU(negative_slope=0.01)
  )
), 0.71, 949150, 651.2983031272888, [(-1, 0.562, 7594324), (2, 0.596, 7665364), (6, 0.61, 480724), (37, 0.64, 7592764), (61, 0.678, 7788364), (191, 0.694, 477494), (774, 0.722, 949150)]), (HyperModel(
  (layers): ModuleList(
    (0): GeoLayer(3703, 4, heads=6)
    (1): Tanh()
    (2): GeoLayer(24, 6, heads=2)
    (3): ELU(alpha=1.0)
  )
), 0.66, 90418, 235.38852834701538, [(-1, 0.422, 121628), (1, 0.466, 121628), (4, 0.486, 121628), (9, 0.54, 62236), (28, 0.564, 91932), (36, 0.576, 121832), (66, 0.626, 91354), (69, 0.644, 91354), (157, 0.662, 91932), (785, 0.662, 60678), (787, 0.676, 90422), (794, 0.692, 90418)]), (HyperModel(
  (layers): ModuleList(
    (0): GeoLayer(3703, 4, heads=16)
    (1): ReLU()
    (2): GeoLayer(64, 6, heads=16)
    (3): Sigmoid()
  )
), 0.674, 243526, 249.08926558494568, [(-1, 0.672, 91446), (181, 0.666, 59950), (203, 0.682, 239566), (206, 0.68, 59950), (218, 0.692, 239566), (721, 0.704, 243526)]), (HyperModel(
  (layers): ModuleList(
    (0): GeoLayer(3703, 32, heads=4)
    (1): ReLU()
    (2): GeoLayer(128, 6, heads=6)
    (3): Tanh()
  )
), 0.684, 479086, 221.52294325828552, [(-1, 0.464, 489076), (4, 0.474, 489076), (13, 0.526, 489076), (15, 0.582, 489076), (160, 0.628, 487406), (232, 0.652, 487406), (241, 0.67, 487406), (342, 0.686, 479086)]), (HyperModel(
  (layers): ModuleList(
    (0): GeoLayer(3703, 32, heads=8)
    (1): Sigmoid()
    (2): GeoLayer(256, 6, heads=4)
    (3): Sigmoid()
  )
), 0.699, 954934, 347.56707239151, [(-1, 0.62, 478610), (0, 0.634, 957074), (74, 0.644, 950392), (76, 0.66, 951960), (80, 0.68, 3844198), (125, 0.684, 949334), (129, 0.704, 949340), (577, 0.714, 3801234), (1219, 0.712, 954934)]), (HyperModel(
  (layers): ModuleList(
    (0): GeoLayer(3703, 8, heads=8)
    (1): Tanh()
    (2): GeoLayer(64, 6, heads=4)
    (3): ReLU6()
  )
), 0.697, 238774, 207.56271767616272, [(-1, 0.586, 968084), (1, 0.598, 968052), (6, 0.644, 959700), (16, 0.658, 241236), (97, 0.664, 121492), (123, 0.68, 959700), (136, 0.684, 241268), (195, 0.686, 119414), (875, 0.686, 59734), (1447, 0.694, 238774)]), (HyperModel(
  (layers): ModuleList(
    (0): GeoLayer(3703, 64, heads=2)
    (1): ReLU6()
    (2): GeoLayer(64, 6, heads=8)
    (3): Sigmoid()
  )
), 0.703, 477478, 323.77824807167053, [(-1, 0.058, 969964), (1, 0.484, 969964), (5, 0.594, 968294), (36, 0.6, 479366), (141, 0.594, 256292), (151, 0.636, 968294), (450, 0.652, 240358), (451, 0.662, 477478), (514, 0.672, 1425958), (515, 0.684, 1425958), (523, 0.682, 951718), (550, 0.69, 477484), (849, 0.7, 950134), (1259, 0.698, 477478)]), (HyperModel(
  (layers): ModuleList(
    (0): GeoLayer(3703, 16, heads=2)
    (1): Sigmoid()
    (2): GeoLayer(32, 6, heads=16)
    (3): Softplus(beta=1, threshold=20)
  )
), 0.667, 121868, 200.64789271354675, [(-1, 0.4, 974606), (0, 0.53, 974606), (2, 0.682, 974612), (12, 0.682, 966872), (20, 0.692, 247766), (29, 0.696, 243812), (78, 0.706, 242228), (146, 0.7, 121868)]), (HyperModel(
  (layers): ModuleList(
    (0): GeoLayer(3703, 64, heads=8)
    (1): Tanh()
    (2): GeoLayer(512, 6, heads=4)
    (3): LeakyReLU(negative_slope=0.01)
  )
), 0.641, 1926454, 381.511244058609, [(-1, 0.652, 361198), (38, 0.662, 3828766), (48, 0.66, 479410), (143, 0.702, 1926454)]), (HyperModel(
  (layers): ModuleList(
    (0): GeoLayer(3703, 8, heads=2)
    (1): LeakyReLU(negative_slope=0.01)
    (2): GeoLayer(16, 6, heads=4)
    (3): Sigmoid()
  )
), 0.638, 59748, 229.54709839820862, [(-1, 0.374, 979372), (1, 0.536, 487516), (13, 0.646, 1942838), (63, 0.644, 121098), (190, 0.644, 63222), (213, 0.678, 59742), (726, 0.702, 59748)]), (HyperModel(
  (layers): ModuleList(
    (0): GeoLayer(3703, 64, heads=16)
    (1): ReLU6()
    (2): GeoLayer(1024, 6, heads=2)
    (3): Tanh()
  )
), 0.634, 3808932, 452.17139315605164, [(-1, 0.656, 1923826), (2, 0.694, 1923826), (275, 0.692, 239652), (951, 0.71, 3808932)]), (HyperModel(
  (layers): ModuleList(
    (0): GeoLayer(3703, 4, heads=16)
    (1): ReLU()
    (2): GeoLayer(64, 6, heads=6)
    (3): Tanh()
  )
), 0.646, 240722, 657.765034198761, [(-1, 0.574, 479796), (9, 0.698, 489052), (269, 0.704, 240722)]), (HyperModel(
  (layers): ModuleList(
    (0): GeoLayer(3703, 16, heads=4)
    (1): Identity()
    (2): GeoLayer(64, 6, heads=1)
    (3): Sigmoid()
  )
), 0.543, 241832, 238.34680461883545, [(-1, 0.706, 1425166), (269, 0.716, 241832)]), (HyperModel(
  (layers): ModuleList(
    (0): GeoLayer(3703, 8, heads=2)
    (1): ReLU6()
    (2): GeoLayer(8, 6, heads=8)
    (3): Identity()
  )
), 0.636, 59774, 181.95751023292542, [(-1, 0.48, 33988), (3, 0.492, 33988), (72, 0.522, 31804), (83, 0.558, 61444), (102, 0.594, 31804), (118, 0.632, 31804), (311, 0.654, 31812), (550, 0.702, 59774)]), (HyperModel(
  (layers): ModuleList(
    (0): GeoLayer(3703, 32, heads=4)
    (1): Identity()
    (2): GeoLayer(32, 6, heads=2)
    (3): LeakyReLU(negative_slope=0.01)
  )
), 0.596, 474692, 282.13213896751404, [(-1, 0.408, 248818), (2, 0.462, 248818), (30, 0.474, 476158), (31, 0.514, 476158), (33, 0.532, 476158), (36, 0.56, 484510), (44, 0.564, 476158), (72, 0.612, 950622), (91, 0.636, 1899102), (94, 0.644, 1899102), (112, 0.662, 953394), (146, 0.674, 949348), (149, 0.682, 949348), (163, 0.69, 475108), (317, 0.702, 951724), (627, 0.708, 474692)]), (HyperModel(
  (layers): ModuleList(
    (0): GeoLayer(3703, 32, heads=2)
    (1): ReLU()
    (2): GeoLayer(64, 6, heads=4)
    (3): Tanh()
  )
), 0.683, 238780, 219.57737612724304, [(-1, 0.448, 484964), (17, 0.498, 1917658), (34, 0.508, 1911484), (35, 0.546, 121084), (55, 0.582, 121492), (71, 0.592, 121492), (147, 0.612, 121492), (326, 0.626, 121084), (367, 0.668, 119822), (401, 0.678, 239572), (564, 0.672, 119828), (574, 0.694, 119420), (662, 0.704, 238780)]), (HyperModel(
  (layers): ModuleList(
    (0): GeoLayer(3703, 16, heads=4)
    (1): Identity()
    (2): GeoLayer(64, 6, heads=4)
    (3): Sigmoid()
  )
), 0.638, 243014, 435.86693811416626, [(-1, 0.214, 181948), (0, 0.246, 181948), (2, 0.318, 181948), (10, 0.512, 63388), (34, 0.53, 63588), (67, 0.64, 242628), (625, 0.654, 479678), (771, 0.686, 59534), (1018, 0.694, 479678), (1044, 0.692, 243014)]), (HyperModel(
  (layers): ModuleList(
    (0): GeoLayer(3703, 8, heads=16)
    (1): Softplus(beta=1, threshold=20)
    (2): GeoLayer(8, 6, heads=2)
    (3): Softplus(beta=1, threshold=20)
  )
), 0.66, 474374, 150.28299379348755, [(-1, 0.372, 122488), (0, 0.574, 122488), (8, 0.6, 475984), (22, 0.636, 475984), (23, 0.656, 1898872), (470, 0.676, 118814), (786, 0.686, 59354), (1214, 0.694, 119060), (1421, 0.706, 474374)]), (HyperModel(
  (layers): ModuleList(
    (0): GeoLayer(3703, 64, heads=4)
    (1): ReLU()
    (2): GeoLayer(64, 6, heads=2)
    (3): Softplus(beta=1, threshold=20)
  )
), 0.692, 949412, 632.7589883804321, [(-1, 0.446, 255838), (1, 0.474, 3819358), (2, 0.58, 3812638), (61, 0.648, 3817746), (184, 0.656, 3817746), (205, 0.67, 3817746), (253, 0.682, 1442008), (424, 0.676, 968484), (1184, 0.688, 949412)]), (HyperModel(
  (layers): ModuleList(
    (0): GeoLayer(3703, 64, heads=4)
    (1): Identity()
    (2): GeoLayer(256, 6, heads=1)
    (3): Sigmoid()
  )
), 0.567, 951960, 169.40151166915894, [(-1, 0.648, 239566), (3, 0.662, 239582), (9, 0.692, 239588), (171, 0.702, 239566), (898, 0.696, 237602), (1099, 0.708, 237796), (1154, 0.716, 951960)]), (HyperModel(
  (layers): ModuleList(
    (0): GeoLayer(3703, 8, heads=2)
    (1): ELU(alpha=1.0)
    (2): GeoLayer(16, 6, heads=2)
    (3): ReLU()
  )
), 0.61, 59518, 435.6051187515259, [(-1, 0.506, 1944508), (0, 0.568, 1944508), (45, 0.584, 1938340), (69, 0.616, 3836150), (161, 0.622, 492510), (181, 0.644, 3807262), (208, 0.698, 59518)])]
