Results:  [(HyperModel(
  (layers): ModuleList(
    (0): GeoLayer(500, 64, heads=2)
    (1): LeakyReLU(negative_slope=0.01)
    (2): GeoLayer(128, 3, heads=1)
    (3): Sigmoid()
  )
), 0.795, 64777, 1063.9625976085663, [(-1, 0.288, 13602), (2, 0.322, 13602), (6, 0.402, 9386), (14, 0.416, 135027), (70, 0.434, 12702), (74, 0.642, 13598), (76, 0.734, 13605), (89, 0.762, 8483), (170, 0.8, 130319), (956, 0.796, 32396), (1467, 0.804, 64777)]), (HyperModel(
  (layers): ModuleList(
    (0): GeoLayer(500, 32, heads=6)
    (1): ReLU()
    (2): GeoLayer(192, 3, heads=6)
    (3): Sigmoid()
  )
), 0.794, 100071, 1201.027584552765, [(-1, 0.196, 150890), (0, 0.416, 150890), (11, 0.764, 216679), (94, 0.774, 216679), (103, 0.8, 108423), (550, 0.808, 131867), (827, 0.802, 100071)]), (HyperModel(
  (layers): ModuleList(
    (0): GeoLayer(500, 16, heads=6)
    (1): ReLU()
    (2): GeoLayer(96, 3, heads=2)
    (3): ELU(alpha=1.0)
  )
), 0.763, 48882, 617.9420247077942, [(-1, 0.288, 12615), (0, 0.62, 12615), (6, 0.678, 8375), (8, 0.772, 50055), (46, 0.776, 48879), (54, 0.778, 12231), (99, 0.79, 133415), (105, 0.786, 50055), (143, 0.784, 8915), (366, 0.792, 50055), (671, 0.794, 12231), (1110, 0.802, 48882)]), (HyperModel(
  (layers): ModuleList(
    (0): GeoLayer(500, 8, heads=6)
    (1): ReLU6()
    (2): GeoLayer(48, 3, heads=1)
    (3): Sigmoid()
  )
), 0.775, 24297, 1292.7287862300873, [(-1, 0.388, 19802), (3, 0.698, 68919), (5, 0.712, 66961), (7, 0.722, 33549), (12, 0.756, 66961), (14, 0.788, 66961), (28, 0.802, 33549), (480, 0.816, 24297)]), (HyperModel(
  (layers): ModuleList(
    (0): GeoLayer(500, 4, heads=16)
    (1): ELU(alpha=1.0)
    (2): GeoLayer(64, 3, heads=4)
    (3): LeakyReLU(negative_slope=0.01)
  )
), 0.762, 32987, 951.0038170814514, [(-1, 0.196, 4142), (1, 0.316, 10322), (8, 0.46, 10071), (17, 0.534, 5363), (20, 0.706, 5363), (34, 0.754, 5363), (41, 0.764, 9315), (140, 0.782, 32987), (325, 0.804, 32987)]), (HyperModel(
  (layers): ModuleList(
    (0): GeoLayer(500, 16, heads=4)
    (1): ReLU6()
    (2): GeoLayer(64, 3, heads=4)
    (3): LeakyReLU(negative_slope=0.01)
  )
), 0.431, 33006, 1307.9491441249847, [(-1, 0.196, 146310), (1, 0.748, 145411), (5, 0.77, 141158), (6, 0.778, 141155), (36, 0.786, 52995), (88, 0.784, 49467), (454, 0.792, 141158), (502, 0.79, 49467), (523, 0.786, 24747), (540, 0.794, 50659), (964, 0.792, 33006)]), (HyperModel(
  (layers): ModuleList(
    (0): GeoLayer(500, 4, heads=8)
    (1): ReLU()
    (2): GeoLayer(32, 3, heads=2)
    (3): ReLU()
  )
), 0.511, 16303, 1736.0907113552094, [(-1, 0.196, 17814), (1, 0.208, 17202), (4, 0.496, 16303), (5, 0.646, 16303), (8, 0.774, 16303), (17, 0.782, 16711), (133, 0.778, 8159), (420, 0.794, 260623), (444, 0.798, 16303)]), (HyperModel(
  (layers): ModuleList(
    (0): GeoLayer(500, 4, heads=8)
    (1): Identity()
    (2): GeoLayer(32, 3, heads=6)
    (3): Tanh()
  )
), 0.751, 17867, 1433.427669286728, [(-1, 0.196, 35438), (0, 0.388, 35438), (6, 0.4, 10430), (8, 0.416, 10160), (70, 0.658, 10214), (141, 0.758, 33387), (150, 0.76, 32397), (262, 0.772, 34539), (264, 0.798, 34539), (360, 0.8, 33747), (701, 0.796, 32393), (1269, 0.796, 17867)]), (HyperModel(
  (layers): ModuleList(
    (0): GeoLayer(500, 64, heads=4)
    (1): ReLU6()
    (2): GeoLayer(256, 3, heads=1)
    (3): Identity()
  )
), 0.768, 129545, 2337.6562418937683, [(-1, 0.726, 100531), (12, 0.772, 534442), (167, 0.782, 534442), (423, 0.78, 49484), (563, 0.778, 17100), (727, 0.79, 263707), (733, 0.796, 129545)]), (HyperModel(
  (layers): ModuleList(
    (0): GeoLayer(500, 4, heads=6)
    (1): ReLU6()
    (2): GeoLayer(24, 3, heads=2)
    (3): Sigmoid()
  )
), 0.762, 13130, 702.416157245636, [(-1, 0.34, 54018), (1, 0.334, 14290), (4, 0.388, 14758), (21, 0.388, 14208), (30, 0.388, 6112), (33, 0.692, 14208), (87, 0.708, 9004), (92, 0.794, 9004), (786, 0.802, 13130)]), (HyperModel(
  (layers): ModuleList(
    (0): GeoLayer(500, 16, heads=1)
    (1): Tanh()
    (2): GeoLayer(16, 3, heads=2)
    (3): Softplus(beta=1, threshold=20)
  )
), 0.757, 12399, 792.4872162342072, [(-1, 0.384, 13298), (1, 0.394, 13298), (7, 0.62, 13298), (15, 0.634, 13298), (25, 0.672, 13301), (59, 0.714, 54018), (65, 0.762, 54018), (107, 0.77, 10214), (320, 0.766, 9058), (438, 0.798, 12399)]), (HyperModel(
  (layers): ModuleList(
    (0): GeoLayer(500, 4, heads=6)
    (1): LeakyReLU(negative_slope=0.01)
    (2): GeoLayer(24, 3, heads=2)
    (3): Softplus(beta=1, threshold=20)
  )
), 0.668, 12231, 705.4007742404938, [(-1, 0.346, 84202), (0, 0.388, 6262), (3, 0.572, 41842), (4, 0.662, 33490), (28, 0.78, 9058), (292, 0.788, 13130), (303, 0.796, 97743), (309, 0.808, 97743), (890, 0.802, 65170), (990, 0.8, 12231)]), (HyperModel(
  (layers): ModuleList(
    (0): GeoLayer(500, 8, heads=6)
    (1): ReLU()
    (2): GeoLayer(48, 3, heads=1)
    (3): Tanh()
  )
), 0.771, 24297, 512.5756239891052, [(-1, 0.196, 11191), (0, 0.196, 10292), (1, 0.388, 10292), (2, 0.416, 8108), (6, 0.656, 16204), (44, 0.776, 10451), (79, 0.772, 8108), (113, 0.782, 32393), (126, 0.782, 24300), (169, 0.792, 65947), (263, 0.786, 64780), (271, 0.8, 64777), (390, 0.808, 131870), (421, 0.804, 97161), (623, 0.802, 65947), (809, 0.8, 32393), (846, 0.796, 16201), (1094, 0.808, 97161), (1119, 0.802, 24297), (1208, 0.812, 24297)]), (HyperModel(
  (layers): ModuleList(
    (0): GeoLayer(500, 32, heads=2)
    (1): Softplus(beta=1, threshold=20)
    (2): GeoLayer(64, 3, heads=8)
    (3): Tanh()
  )
), 0.712, 42131, 2538.076875448227, [(-1, 0.296, 110486), (1, 0.37, 110486), (13, 0.396, 438710), (18, 0.732, 572723), (28, 0.774, 109587), (110, 0.784, 109587), (119, 0.784, 107259), (477, 0.792, 164891), (1007, 0.794, 42131)]), (HyperModel(
  (layers): ModuleList(
    (0): GeoLayer(500, 8, heads=4)
    (1): Softplus(beta=1, threshold=20)
    (2): GeoLayer(32, 3, heads=1)
    (3): Tanh()
  )
), 0.709, 18393, 802.8303925991058, [(-1, 0.196, 7178), (0, 0.526, 6279), (4, 0.682, 6249), (15, 0.728, 48969), (26, 0.736, 49033), (65, 0.74, 6699), (76, 0.76, 52003), (174, 0.784, 26481), (209, 0.794, 18393)]), (HyperModel(
  (layers): ModuleList(
    (0): GeoLayer(500, 4, heads=4)
    (1): Softplus(beta=1, threshold=20)
    (2): GeoLayer(16, 3, heads=2)
    (3): Tanh()
  )
), 0.729, 9318, 800.4663677215576, [(-1, 0.296, 101561), (2, 0.308, 4221), (4, 0.318, 7361), (13, 0.346, 303929), (14, 0.388, 303929), (21, 0.386, 20009), (29, 0.382, 19601), (35, 0.386, 10329), (50, 0.416, 10542), (224, 0.728, 303030), (227, 0.722, 296862), (232, 0.744, 9427), (379, 0.76, 19590), (672, 0.774, 9318)]), (HyperModel(
  (layers): ModuleList(
    (0): GeoLayer(500, 8, heads=2)
    (1): ReLU()
    (2): GeoLayer(16, 3, heads=1)
    (3): Tanh()
  )
), 0.765, 8113, 851.8876996040344, [(-1, 0.334, 44614), (0, 0.388, 36262), (4, 0.388, 18630), (24, 0.77, 130444), (35, 0.774, 65692), (105, 0.78, 34282), (212, 0.788, 64844), (232, 0.782, 9012), (353, 0.792, 32425), (567, 0.79, 16201), (695, 0.786, 9012), (704, 0.794, 34710), (712, 0.794, 33779), (784, 0.798, 32591), (837, 0.792, 8375), (912, 0.802, 35395), (1162, 0.798, 9282), (1167, 0.796, 9012), (1183, 0.792, 8113)]), (HyperModel(
  (layers): ModuleList(
    (0): GeoLayer(500, 8, heads=4)
    (1): ReLU6()
    (2): GeoLayer(32, 3, heads=4)
    (3): Sigmoid()
  )
), 0.776, 16507, 650.9879431724548, [(-1, 0.196, 20814), (5, 0.522, 19915), (8, 0.772, 17731), (10, 0.804, 35363), (353, 0.806, 32393), (574, 0.804, 16201), (796, 0.812, 64777), (1009, 0.808, 32393), (1114, 0.806, 16507)]), (HyperModel(
  (layers): ModuleList(
    (0): GeoLayer(500, 16, heads=4)
    (1): Identity()
    (2): GeoLayer(64, 3, heads=2)
    (3): Sigmoid()
  )
), 0.758, 36831, 1999.634732723236, [(-1, 0.196, 316134), (0, 0.416, 316134), (5, 0.726, 315238), (43, 0.734, 74867), (61, 0.73, 39603), (186, 0.748, 293647), (198, 0.752, 39603), (305, 0.77, 299943), (425, 0.766, 139203), (566, 0.76, 18487), (586, 0.768, 18691), (641, 0.778, 9531), (1309, 0.772, 9315), (1426, 0.782, 36831)]), (HyperModel(
  (layers): ModuleList(
    (0): GeoLayer(500, 16, heads=16)
    (1): Tanh()
    (2): GeoLayer(256, 3, heads=1)
    (3): Sigmoid()
  )
), 0.784, 129545, 2112.233702659607, [(-1, 0.344, 137006), (5, 0.358, 140102), (9, 0.388, 140105), (27, 0.384, 134684), (43, 0.776, 134684), (45, 0.794, 129545), (275, 0.812, 129545)]), (HyperModel(
  (layers): ModuleList(
    (0): GeoLayer(500, 8, heads=6)
    (1): LeakyReLU(negative_slope=0.01)
    (2): GeoLayer(48, 3, heads=4)
    (3): Tanh()
  )
), 0.76, 27830, 1380.3179812431335, [(-1, 0.196, 14442), (0, 0.416, 14442), (16, 0.552, 13286), (32, 0.56, 18358), (37, 0.748, 14286), (49, 0.758, 28130), (68, 0.754, 27830), (76, 0.762, 27830), (97, 0.762, 27380), (194, 0.786, 27830), (431, 0.784, 25646), (433, 0.78, 25346), (649, 0.8, 27830)]), (HyperModel(
  (layers): ModuleList(
    (0): GeoLayer(500, 8, heads=16)
    (1): ReLU()
    (2): GeoLayer(128, 3, heads=1)
    (3): Identity()
  )
), 0.782, 64777, 902.628796339035, [(-1, 0.614, 26481), (1, 0.664, 26481), (15, 0.778, 24297), (114, 0.774, 9007), (193, 0.788, 48585), (308, 0.784, 25196), (506, 0.778, 24447), (669, 0.798, 129545), (679, 0.798, 64777)]), (HyperModel(
  (layers): ModuleList(
    (0): GeoLayer(500, 32, heads=1)
    (1): LeakyReLU(negative_slope=0.01)
    (2): GeoLayer(32, 3, heads=1)
    (3): Tanh()
  )
), 0.782, 16201, 662.7109649181366, [(-1, 0.624, 32987), (0, 0.774, 32987), (1, 0.782, 32987), (93, 0.776, 16201), (108, 0.792, 67507), (120, 0.786, 16201), (279, 0.78, 8105), (361, 0.788, 259081), (363, 0.798, 129545), (631, 0.794, 64777), (638, 0.792, 32393), (671, 0.786, 16201), (683, 0.786, 8105), (712, 0.794, 259084), (737, 0.788, 16201), (941, 0.782, 8105), (957, 0.794, 32393), (961, 0.804, 32393), (1211, 0.798, 16201)]), (HyperModel(
  (layers): ModuleList(
    (0): GeoLayer(500, 16, heads=8)
    (1): ELU(alpha=1.0)
    (2): GeoLayer(128, 3, heads=1)
    (3): LeakyReLU(negative_slope=0.01)
  )
), 0.778, 64780, 1031.5780155658722, [(-1, 0.196, 38126), (2, 0.282, 37532), (6, 0.388, 36633), (10, 0.526, 37227), (11, 0.702, 37227), (13, 0.718, 296731), (29, 0.758, 69017), (34, 0.764, 32393), (37, 0.776, 32393), (68, 0.784, 131870), (125, 0.782, 35363), (184, 0.794, 70187), (190, 0.798, 65947), (503, 0.792, 16204), (514, 0.816, 64780)]), (HyperModel(
  (layers): ModuleList(
    (0): GeoLayer(500, 8, heads=1)
    (1): Identity()
    (2): GeoLayer(8, 3, heads=6)
    (3): Identity()
  )
), 0.73, 6391, 928.3941385746002, [(-1, 0.742, 299815), (3, 0.756, 299815), (13, 0.762, 9531), (105, 0.784, 12399), (308, 0.792, 13155), (1435, 0.786, 10559), (1459, 0.784, 10343), (1465, 0.792, 6391)]), (HyperModel(
  (layers): ModuleList(
    (0): GeoLayer(500, 4, heads=2)
    (1): LeakyReLU(negative_slope=0.01)
    (2): GeoLayer(8, 3, heads=1)
    (3): Tanh()
  )
), 0.76, 4956, 856.4563264846802, [(-1, 0.226, 21340), (0, 0.388, 21340), (19, 0.488, 21340), (21, 0.59, 21340), (42, 0.718, 84202), (58, 0.712, 13406), (86, 0.738, 11188), (158, 0.756, 21442), (276, 0.782, 21340), (488, 0.78, 17100), (525, 0.798, 17610), (737, 0.798, 4956)]), (HyperModel(
  (layers): ModuleList(
    (0): GeoLayer(500, 16, heads=4)
    (1): Identity()
    (2): GeoLayer(64, 3, heads=2)
    (3): Sigmoid()
  )
), 0.756, 32607, 1440.2985439300537, [(-1, 0.196, 267690), (1, 0.434, 267690), (2, 0.646, 264606), (4, 0.742, 264606), (31, 0.778, 264606), (58, 0.784, 131867), (69, 0.78, 65963), (71, 0.798, 65947), (144, 0.8, 33779), (629, 0.8, 32987), (769, 0.802, 32607)]), (HyperModel(
  (layers): ModuleList(
    (0): GeoLayer(500, 128, heads=1)
    (1): Tanh()
    (2): GeoLayer(128, 3, heads=6)
    (3): ELU(alpha=1.0)
  )
), 0.783, 66730, 1579.2255408763885, [(-1, 0.388, 50358), (2, 0.388, 4217), (7, 0.51, 49962), (11, 0.598, 49962), (20, 0.722, 49170), (26, 0.732, 49170), (47, 0.73, 35570), (49, 0.736, 34778), (63, 0.744, 67510), (64, 0.754, 65170), (67, 0.766, 65170), (209, 0.762, 33779), (237, 0.782, 32591), (502, 0.784, 16303), (1085, 0.792, 67510), (1104, 0.796, 66730), (1105, 0.794, 65170), (1112, 0.804, 65170), (1132, 0.824, 66730)]), (HyperModel(
  (layers): ModuleList(
    (0): GeoLayer(500, 4, heads=6)
    (1): Softplus(beta=1, threshold=20)
    (2): GeoLayer(24, 3, heads=6)
    (3): Tanh()
  )
), 0.756, 13699, 1853.210433959961, [(-1, 0.196, 13699), (6, 0.346, 14598), (9, 0.388, 14598), (40, 0.682, 433191), (46, 0.744, 433191), (68, 0.738, 13547), (72, 0.748, 13703), (82, 0.756, 433319), (88, 0.8, 433191), (1223, 0.796, 13855), (1294, 0.792, 13699)]), (HyperModel(
  (layers): ModuleList(
    (0): GeoLayer(500, 4, heads=6)
    (1): ReLU()
    (2): GeoLayer(24, 3, heads=2)
    (3): LeakyReLU(negative_slope=0.01)
  )
), 0.758, 12231, 1472.6211318969727, [(-1, 0.196, 14598), (3, 0.388, 284266), (42, 0.388, 28130), (75, 0.398, 50858), (81, 0.416, 50858), (102, 0.63, 3279), (105, 0.708, 49959), (119, 0.75, 277199), (134, 0.754, 212047), (137, 0.778, 106095), (142, 0.784, 50055), (364, 0.782, 33779), (505, 0.782, 32591), (698, 0.788, 16915), (703, 0.798, 33779), (871, 0.792, 12231)]), (HyperModel(
  (layers): ModuleList(
    (0): GeoLayer(500, 8, heads=4)
    (1): LeakyReLU(negative_slope=0.01)
    (2): GeoLayer(32, 3, heads=6)
    (3): Tanh()
  )
), 0.772, 16711, 903.0714612007141, [(-1, 0.35, 106412), (0, 0.736, 106412), (1, 0.762, 98060), (49, 0.772, 97161), (85, 0.766, 19284), (86, 0.794, 19284), (190, 0.792, 16209), (615, 0.808, 16711)]), (HyperModel(
  (layers): ModuleList(
    (0): GeoLayer(500, 4, heads=16)
    (1): ReLU6()
    (2): GeoLayer(64, 3, heads=2)
    (3): Sigmoid()
  )
), 0.762, 32591, 1853.8360464572906, [(-1, 0.196, 145395), (5, 0.346, 1161571), (13, 0.772, 268975), (16, 0.78, 268975), (17, 0.776, 33747), (20, 0.778, 32591), (74, 0.782, 4507), (87, 0.792, 33779), (330, 0.804, 33747), (1103, 0.8, 32591)])]
