Results:  [(HyperModel(
  (layers): ModuleList(
    (0): GeoLayer(3703, 16, heads=2)
    (1): ReLU6()
    (2): GeoLayer(32, 6, heads=6)
    (3): Identity()
  )
), 0.659, 119828, 195.66791701316833, [(-1, 0.574, 1438682), (1, 0.658, 1437012), (25, 0.678, 2906958), (64, 0.682, 359316), (66, 0.69, 359316), (127, 0.7, 479060), (1146, 0.702, 119828)]), (HyperModel(
  (layers): ModuleList(
    (0): GeoLayer(3703, 4, heads=2)
    (1): Sigmoid()
    (2): GeoLayer(8, 6, heads=4)
    (3): ELU(alpha=1.0)
  )
), 0.669, 29894, 243.63636302947998, [(-1, 0.592, 124916), (0, 0.646, 120676), (9, 0.654, 121084), (80, 0.664, 956604), (88, 0.674, 2866364), (103, 0.672, 477604), (224, 0.706, 1427742), (806, 0.704, 89574), (809, 0.708, 29894)]), (HyperModel(
  (layers): ModuleList(
    (0): GeoLayer(3703, 16, heads=6)
    (1): Identity()
    (2): GeoLayer(96, 6, heads=1)
    (3): ReLU6()
  )
), 0.629, 360626, 409.9010977745056, [(-1, 0.578, 3837820), (8, 0.61, 240412), (38, 0.638, 240416), (193, 0.664, 241826), (403, 0.674, 959174), (415, 0.668, 362374), (494, 0.664, 239934), (501, 0.66, 90730), (514, 0.67, 90262), (522, 0.71, 360626)]), (HyperModel(
  (layers): ModuleList(
    (0): GeoLayer(3703, 64, heads=4)
    (1): Tanh()
    (2): GeoLayer(256, 6, heads=4)
    (3): Tanh()
  )
), 0.676, 954934, 214.81649017333984, [(-1, 0.62, 121084), (44, 0.622, 61404), (63, 0.648, 240444), (87, 0.656, 1432374), (88, 0.668, 954934), (93, 0.68, 954934), (95, 0.696, 954998), (276, 0.69, 238778), (320, 0.71, 971574), (1029, 0.712, 954934)]), (HyperModel(
  (layers): ModuleList(
    (0): GeoLayer(3703, 32, heads=4)
    (1): Sigmoid()
    (2): GeoLayer(128, 6, heads=1)
    (3): ELU(alpha=1.0)
  )
), 0.555, 483506, 320.5101706981659, [(-1, 0.44, 1926004), (0, 0.516, 1910584), (42, 0.566, 1918808), (47, 0.57, 968536), (55, 0.57, 485176), (58, 0.632, 483506), (59, 0.642, 483506), (143, 0.65, 1476742), (313, 0.656, 495206), (327, 0.66, 485176), (348, 0.68, 968536), (780, 0.676, 483506)]), (HyperModel(
  (layers): ModuleList(
    (0): GeoLayer(3703, 128, heads=2)
    (1): Identity()
    (2): GeoLayer(256, 6, heads=4)
    (3): Tanh()
  )
), 0.668, 954934, 118.7093608379364, [(-1, 0.528, 959706), (0, 0.62, 959706), (9, 0.65, 31564), (14, 0.682, 238774), (64, 0.698, 29894), (872, 0.706, 238774), (1088, 0.722, 954934)]), (HyperModel(
  (layers): ModuleList(
    (0): GeoLayer(3703, 128, heads=4)
    (1): ReLU6()
    (2): GeoLayer(512, 6, heads=4)
    (3): Tanh()
  )
), 0.656, 1909814, 250.49687218666077, [(-1, 0.636, 1910584), (2, 0.646, 1918166), (40, 0.658, 1919836), (68, 0.68, 59734), (93, 0.698, 60166), (831, 0.71, 1909814)]), (HyperModel(
  (layers): ModuleList(
    (0): GeoLayer(3703, 128, heads=8)
    (1): Tanh()
    (2): GeoLayer(1024, 6, heads=1)
    (3): LeakyReLU(negative_slope=0.01)
  )
), 0.644, 3801106, 341.5757427215576, [(-1, 0.614, 128582), (22, 0.624, 360610), (60, 0.638, 950290), (65, 0.646, 950296), (71, 0.664, 1900568), (88, 0.678, 3801106), (99, 0.676, 950290), (211, 0.692, 730182), (422, 0.688, 359310), (460, 0.718, 3801106)]), (HyperModel(
  (layers): ModuleList(
    (0): GeoLayer(3703, 4, heads=16)
    (1): ReLU()
    (2): GeoLayer(64, 6, heads=16)
    (3): ReLU6()
  )
), 0.681, 243526, 157.21334314346313, [(-1, 0.602, 184878), (0, 0.596, 182694), (1, 0.684, 182694), (19, 0.692, 61030), (402, 0.708, 243526)]), (HyperModel(
  (layers): ModuleList(
    (0): GeoLayer(3703, 4, heads=2)
    (1): Tanh()
    (2): GeoLayer(8, 6, heads=4)
    (3): LeakyReLU(negative_slope=0.01)
  )
), 0.661, 29894, 175.1448609828949, [(-1, 0.326, 17872), (0, 0.48, 17872), (1, 0.506, 16716), (5, 0.522, 16716), (7, 0.534, 31684), (9, 0.662, 31684), (502, 0.672, 239256), (665, 0.666, 119006), (679, 0.678, 119822), (925, 0.672, 29894), (939, 0.674, 15046), (941, 0.692, 239566), (1261, 0.686, 29894)]), (HyperModel(
  (layers): ModuleList(
    (0): GeoLayer(3703, 4, heads=6)
    (1): ReLU6()
    (2): GeoLayer(24, 6, heads=2)
    (3): Tanh()
  )
), 0.628, 90418, 406.6902379989624, [(-1, 0.496, 183548), (1, 0.53, 728564), (4, 0.584, 728564), (20, 0.59, 243184), (22, 0.618, 243184), (76, 0.616, 183548), (241, 0.614, 129844), (369, 0.628, 7698388), (389, 0.63, 2890148), (393, 0.644, 2916198), (394, 0.652, 2916198), (577, 0.664, 726894), (1000, 0.664, 90418)]), (HyperModel(
  (layers): ModuleList(
    (0): GeoLayer(3703, 8, heads=8)
    (1): Sigmoid()
    (2): GeoLayer(64, 6, heads=2)
    (3): Softplus(beta=1, threshold=20)
  )
), 0.677, 237982, 211.85881805419922, [(-1, 0.528, 239266), (2, 0.65, 237592), (7, 0.666, 475948), (55, 0.68, 486854), (90, 0.688, 478118), (127, 0.692, 243526), (331, 0.7, 951870), (923, 0.696, 475154), (1082, 0.692, 119822), (1314, 0.7, 237982)]), (HyperModel(
  (layers): ModuleList(
    (0): GeoLayer(3703, 16, heads=4)
    (1): Sigmoid()
    (2): GeoLayer(64, 6, heads=2)
    (3): ELU(alpha=1.0)
  )
), 0.627, 242222, 213.77697038650513, [(-1, 0.374, 66940), (1, 0.388, 66940), (2, 0.476, 66940), (7, 0.52, 249436), (10, 0.522, 243892), (30, 0.538, 243892), (70, 0.558, 243892), (75, 0.622, 243892), (138, 0.63, 979420), (155, 0.648, 957748), (367, 0.656, 242222), (763, 0.674, 242222)]), (HyperModel(
  (layers): ModuleList(
    (0): GeoLayer(3703, 128, heads=2)
    (1): Identity()
    (2): GeoLayer(256, 6, heads=16)
    (3): Tanh()
  )
), 0.676, 973510, 435.3310811519623, [(-1, 0.218, 7786694), (2, 0.288, 486854), (3, 0.372, 486854), (11, 0.602, 973510), (19, 0.69, 973510), (322, 0.698, 2920134), (411, 0.694, 486860), (413, 0.708, 973516), (840, 0.706, 486854), (1177, 0.724, 973510)]), (HyperModel(
  (layers): ModuleList(
    (0): GeoLayer(3703, 8, heads=4)
    (1): ELU(alpha=1.0)
    (2): GeoLayer(32, 6, heads=8)
    (3): Sigmoid()
  )
), 0.686, 120230, 328.37132358551025, [(-1, 0.514, 62776), (0, 0.606, 62776), (17, 0.62, 61620), (117, 0.674, 953508), (917, 0.668, 120230), (919, 0.682, 120230)]), (HyperModel(
  (layers): ModuleList(
    (0): GeoLayer(3703, 32, heads=8)
    (1): ELU(alpha=1.0)
    (2): GeoLayer(256, 6, heads=8)
    (3): ReLU6()
  )
), 0.685, 961126, 242.30261278152466, [(-1, 0.496, 962796), (0, 0.506, 962796), (18, 0.632, 3807262), (19, 0.658, 3844198), (28, 0.67, 1923820), (38, 0.678, 1923820), (47, 0.688, 951838), (91, 0.702, 1923820), (163, 0.71, 1903652), (1472, 0.706, 961126)]), (HyperModel(
  (layers): ModuleList(
    (0): GeoLayer(3703, 32, heads=4)
    (1): ReLU6()
    (2): GeoLayer(128, 6, heads=4)
    (3): Softplus(beta=1, threshold=20)
  )
), 0.624, 485852, 219.63263964653015, [(-1, 0.548, 62560), (1, 0.604, 122240), (43, 0.624, 30930), (149, 0.658, 31170), (507, 0.672, 122240), (1442, 0.68, 485852)]), (HyperModel(
  (layers): ModuleList(
    (0): GeoLayer(3703, 4, heads=16)
    (1): Sigmoid()
    (2): GeoLayer(64, 6, heads=6)
    (3): Sigmoid()
  )
), 0.713, 239566, 303.4238803386688, [(-1, 0.058, 3831886), (3, 0.578, 3831886), (6, 0.664, 3833556), (21, 0.668, 120230), (31, 0.694, 3831886), (85, 0.688, 486854), (177, 0.7, 240358), (236, 0.708, 240362), (260, 0.704, 120234), (1455, 0.714, 239566)]), (HyperModel(
  (layers): ModuleList(
    (0): GeoLayer(3703, 32, heads=6)
    (1): ELU(alpha=1.0)
    (2): GeoLayer(192, 6, heads=1)
    (3): ReLU6()
  )
), 0.689, 712722, 197.63512110710144, [(-1, 0.598, 3801106), (7, 0.632, 3834130), (36, 0.66, 721074), (87, 0.662, 237586), (90, 0.674, 954934), (105, 0.676, 237586), (177, 0.698, 712722), (244, 0.698, 237586), (673, 0.708, 237586), (890, 0.718, 712722)]), (HyperModel(
  (layers): ModuleList(
    (0): GeoLayer(3703, 16, heads=6)
    (1): Tanh()
    (2): GeoLayer(96, 6, heads=6)
    (3): Sigmoid()
  )
), 0.686, 363550, 296.81889271736145, [(-1, 0.644, 489038), (0, 0.684, 1955174), (22, 0.686, 726926), (75, 0.69, 363550)]), (HyperModel(
  (layers): ModuleList(
    (0): GeoLayer(3703, 32, heads=2)
    (1): Sigmoid()
    (2): GeoLayer(64, 6, heads=6)
    (3): Tanh()
  )
), 0.657, 239566, 201.34308981895447, [(-1, 0.656, 2883174), (2, 0.656, 961254), (7, 0.666, 954934), (17, 0.698, 954940), (209, 0.692, 119828), (212, 0.702, 479060), (214, 0.706, 239566)]), (HyperModel(
  (layers): ModuleList(
    (0): GeoLayer(3703, 8, heads=6)
    (1): Identity()
    (2): GeoLayer(48, 6, heads=4)
    (3): Sigmoid()
  )
), 0.685, 179100, 307.4541449546814, [(-1, 0.272, 62566), (0, 0.374, 62566), (2, 0.598, 1944514), (30, 0.628, 62566), (61, 0.634, 60890), (223, 0.646, 364060), (316, 0.644, 121612), (387, 0.664, 955062), (399, 0.68, 179108), (788, 0.692, 243020), (1120, 0.688, 181278), (1125, 0.692, 179094), (1131, 0.706, 179100)]), (HyperModel(
  (layers): ModuleList(
    (0): GeoLayer(3703, 32, heads=8)
    (1): ReLU6()
    (2): GeoLayer(256, 6, heads=1)
    (3): Tanh()
  )
), 0.632, 951992, 398.05581307411194, [(-1, 0.386, 3866580), (1, 0.44, 3866580), (3, 0.578, 1934228), (19, 0.588, 255832), (46, 0.66, 1918808), (511, 0.674, 1902232), (1067, 0.676, 119822), (1412, 0.7, 951992)]), (HyperModel(
  (layers): ModuleList(
    (0): GeoLayer(3703, 8, heads=16)
    (1): ELU(alpha=1.0)
    (2): GeoLayer(128, 6, heads=6)
    (3): ELU(alpha=1.0)
  )
), 0.633, 481244, 242.9024019241333, [(-1, 0.598, 1926004), (0, 0.604, 482908), (1, 0.634, 482908), (16, 0.632, 479008), (24, 0.656, 479008), (62, 0.666, 480724), (299, 0.678, 477338), (1294, 0.704, 481244)]), (HyperModel(
  (layers): ModuleList(
    (0): GeoLayer(3703, 4, heads=4)
    (1): Tanh()
    (2): GeoLayer(16, 6, heads=4)
    (3): ELU(alpha=1.0)
  )
), 0.643, 60894, 206.06681418418884, [(-1, 0.308, 16134), (0, 0.356, 60894), (2, 0.472, 60894), (4, 0.494, 31054), (14, 0.53, 988086), (19, 0.614, 988086), (31, 0.622, 60894), (33, 0.63, 62564), (46, 0.64, 60894), (62, 0.668, 120574), (72, 0.704, 121390), (448, 0.7, 60894)]), (HyperModel(
  (layers): ModuleList(
    (0): GeoLayer(3703, 4, heads=8)
    (1): ReLU6()
    (2): GeoLayer(32, 6, heads=2)
    (3): Softplus(beta=1, threshold=20)
  )
), 0.656, 119006, 211.86155223846436, [(-1, 0.608, 120676), (62, 0.63, 124916), (74, 0.642, 63372), (91, 0.672, 479394), (408, 0.668, 119006), (412, 0.684, 119006)]), (HyperModel(
  (layers): ModuleList(
    (0): GeoLayer(3703, 64, heads=8)
    (1): ReLU6()
    (2): GeoLayer(512, 6, heads=2)
    (3): ReLU6()
  )
), 0.676, 1921892, 387.666836977005, [(-1, 0.426, 256228), (7, 0.53, 256228), (34, 0.58, 65428), (124, 0.668, 1478412), (422, 0.678, 3825508), (1297, 0.672, 1921892)]), (HyperModel(
  (layers): ModuleList(
    (0): GeoLayer(3703, 8, heads=4)
    (1): Tanh()
    (2): GeoLayer(32, 6, heads=4)
    (3): Softplus(beta=1, threshold=20)
  )
), 0.604, 121084, 257.08155274391174, [(-1, 0.374, 16644), (0, 0.406, 479164), (7, 0.484, 1944508), (10, 0.53, 1944508), (18, 0.552, 1944508), (24, 0.578, 1944508), (35, 0.604, 65644), (57, 0.618, 487516), (121, 0.636, 244684), (218, 0.636, 121084), (224, 0.646, 121084), (645, 0.66, 121084)]), (HyperModel(
  (layers): ModuleList(
    (0): GeoLayer(3703, 4, heads=6)
    (1): Sigmoid()
    (2): GeoLayer(24, 6, heads=2)
    (3): ELU(alpha=1.0)
  )
), 0.648, 90418, 251.1095633506775, [(-1, 0.546, 485956), (3, 0.576, 62344), (26, 0.594, 1920222), (32, 0.65, 968414), (57, 0.648, 484292), (80, 0.666, 1444318), (186, 0.66, 120168), (203, 0.682, 90418), (827, 0.692, 966866), (1046, 0.702, 90418)]), (HyperModel(
  (layers): ModuleList(
    (0): GeoLayer(3703, 8, heads=6)
    (1): Identity()
    (2): GeoLayer(48, 6, heads=2)
    (3): ReLU6()
  )
), 0.691, 178494, 304.5853497982025, [(-1, 0.402, 2899388), (2, 0.474, 182948), (10, 0.55, 717884), (19, 0.548, 180764), (28, 0.61, 181964), (46, 0.624, 181964), (53, 0.634, 2857124), (104, 0.65, 180764), (548, 0.658, 180764), (549, 0.676, 180764), (1125, 0.69, 178494)]), (HyperModel(
  (layers): ModuleList(
    (0): GeoLayer(3703, 32, heads=4)
    (1): ELU(alpha=1.0)
    (2): GeoLayer(128, 6, heads=1)
    (3): ReLU6()
  )
), 0.66, 475160, 214.56529140472412, [(-1, 0.434, 483512), (0, 0.614, 488972), (1, 0.672, 488972), (11, 0.696, 122414), (823, 0.694, 120236), (1148, 0.704, 475160)]), (HyperModel(
  (layers): ModuleList(
    (0): GeoLayer(3703, 32, heads=16)
    (1): Sigmoid()
    (2): GeoLayer(512, 6, heads=1)
    (3): Identity()
  )
), 0.682, 1908914, 580.2631273269653, [(-1, 0.638, 1955174), (5, 0.634, 1930502), (63, 0.64, 1908914), (128, 0.634, 243184), (142, 0.67, 241518), (639, 0.682, 3860838), (822, 0.676, 1930534), (861, 0.67, 977766), (871, 0.666, 256998), (894, 0.696, 3860838), (1011, 0.704, 3860838), (1441, 0.7, 1908914)])]
