Results:  [(HyperModel(
  (layers): ModuleList(
    (0): GeoLayer(1433, 64, heads=2)
    (1): Tanh()
    (2): GeoLayer(128, 7, heads=16)
    (3): Identity()
  )
), 0.776, 214951, 1002.4402949810028, [(-1, 0.344, 2445806), (0, 0.344, 2445806), (2, 0.344, 2445806), (4, 0.344, 2338146), (14, 0.344, 193022), (15, 0.344, 193022), (27, 0.344, 765950), (40, 0.344, 744362), (50, 0.344, 765957), (51, 0.344, 193029), (182, 0.344, 185635), (267, 0.344, 396519), (977, 0.344, 47863), (1363, 0.344, 214951)]), (HyperModel(
  (layers): ModuleList(
    (0): GeoLayer(1433, 64, heads=6)
    (1): ReLU()
    (2): GeoLayer(384, 7, heads=8)
    (3): Sigmoid()
  )
), 0.794, 573047, 3110.031329870224, [(-1, 0.122, 6243070), (3, 0.122, 4672219), (9, 0.122, 2336219), (65, 0.122, 558762), (67, 0.122, 558762), (68, 0.122, 556835), (69, 0.122, 1484835), (191, 0.122, 567643), (734, 0.122, 573047)]), (HyperModel(
  (layers): ModuleList(
    (0): GeoLayer(1433, 16, heads=6)
    (1): Identity()
    (2): GeoLayer(96, 7, heads=2)
    (3): ELU(alpha=1.0)
  )
), 0.778, 139258, 2200.606488466263, [(-1, 0.11, 6072874), (0, 0.11, 12012074), (1, 0.11, 6072874), (4, 0.11, 6072874), (5, 0.11, 6072874), (8, 0.11, 6072881), (99, 0.11, 1501126), (100, 0.11, 189382), (104, 0.11, 187562), (455, 0.11, 2957212), (779, 0.11, 139258)]), (HyperModel(
  (layers): ModuleList(
    (0): GeoLayer(1433, 16, heads=4)
    (1): Identity()
    (2): GeoLayer(64, 7, heads=8)
    (3): ReLU()
  )
), 0.766, 99847, 936.6625397205353, [(-1, 0.252, 3121655), (0, 0.252, 447991), (2, 0.252, 1593847), (62, 0.252, 2444135), (173, 0.252, 2293758), (316, 0.252, 195807), (335, 0.252, 144847), (336, 0.252, 144847), (572, 0.252, 49767), (1038, 0.252, 99847)]), (HyperModel(
  (layers): ModuleList(
    (0): GeoLayer(1433, 32, heads=1)
    (1): ELU(alpha=1.0)
    (2): GeoLayer(32, 7, heads=4)
    (3): ReLU6()
  )
), 0.767, 46911, 957.272346496582, [(-1, 0.486, 393350), (0, 0.486, 393350), (1, 0.486, 393350), (8, 0.486, 386005), (35, 0.486, 48362), (235, 0.486, 46911), (460, 0.486, 369429), (486, 0.486, 46911)]), (HyperModel(
  (layers): ModuleList(
    (0): GeoLayer(1433, 32, heads=1)
    (1): Softplus(beta=1, threshold=20)
    (2): GeoLayer(32, 7, heads=4)
    (3): Tanh()
  )
), 0.792, 46911, 926.8815908432007, [(-1, 0.562, 199586), (14, 0.562, 292219), (16, 0.562, 283867), (18, 0.562, 189275), (42, 0.562, 46911)]), (HyperModel(
  (layers): ModuleList(
    (0): GeoLayer(1433, 16, heads=4)
    (1): LeakyReLU(negative_slope=0.01)
    (2): GeoLayer(64, 7, heads=4)
    (3): Tanh()
  )
), 0.759, 98015, 1280.2931876182556, [(-1, 0.062, 890466), (0, 0.062, 890466), (2, 0.062, 890466), (3, 0.062, 890466), (6, 0.062, 224226), (10, 0.062, 224226), (23, 0.062, 397026), (24, 0.062, 1532130), (27, 0.062, 207849), (71, 0.062, 789851), (125, 0.062, 3158754), (175, 0.062, 784582), (706, 0.062, 782783), (828, 0.062, 782783), (964, 0.062, 98015)]), (HyperModel(
  (layers): ModuleList(
    (0): GeoLayer(1433, 256, heads=6)
    (1): ReLU()
    (2): GeoLayer(1536, 7, heads=8)
    (3): ReLU()
  )
), 0.73, 2291838, 1766.987561225891, [(-1, 0.162, 586146), (0, 0.162, 586153), (2, 0.162, 586146), (3, 0.162, 569570), (5, 0.162, 567643), (11, 0.162, 4454435), (195, 0.162, 2291831), (196, 0.162, 2291838)]), (HyperModel(
  (layers): ModuleList(
    (0): GeoLayer(1433, 16, heads=8)
    (1): Identity()
    (2): GeoLayer(128, 7, heads=2)
    (3): Tanh()
  )
), 0.781, 185635, 831.2711255550385, [(-1, 0.132, 809383), (4, 0.132, 759011), (5, 0.132, 755413), (8, 0.132, 757340), (9, 0.132, 757340), (10, 0.132, 203228), (24, 0.132, 207671), (25, 0.132, 207671), (54, 0.132, 186659), (61, 0.132, 185635), (62, 0.132, 185635), (103, 0.132, 46435), (417, 0.132, 191695), (540, 0.132, 185635)]), (HyperModel(
  (layers): ModuleList(
    (0): GeoLayer(1433, 16, heads=2)
    (1): ReLU()
    (2): GeoLayer(32, 7, heads=6)
    (3): ELU(alpha=1.0)
  )
), 0.789, 47387, 968.6248800754547, [(-1, 0.678, 1501126), (0, 0.678, 751558), (1, 0.678, 751558), (184, 0.678, 2250701), (353, 0.678, 139242), (724, 0.678, 49774), (726, 0.678, 47387)]), (HyperModel(
  (layers): ModuleList(
    (0): GeoLayer(1433, 32, heads=4)
    (1): Tanh()
    (2): GeoLayer(128, 7, heads=16)
    (3): Identity()
  )
), 0.779, 206734, 673.1597299575806, [(-1, 0.134, 58151), (0, 0.134, 801191), (1, 0.134, 747221), (15, 0.134, 751590), (19, 0.134, 751558), (20, 0.134, 749631), (21, 0.134, 738837), (22, 0.134, 738837), (64, 0.134, 369429), (391, 0.134, 758754), (926, 0.134, 23739), (1130, 0.134, 206734)]), (HyperModel(
  (layers): ModuleList(
    (0): GeoLayer(1433, 32, heads=6)
    (1): ReLU()
    (2): GeoLayer(192, 7, heads=1)
    (3): ReLU()
  )
), 0.65, 277077, 1171.3220677375793, [(-1, 0.72, 54549), (0, 0.72, 54549), (1, 0.72, 46197), (26, 0.72, 5910556), (58, 0.72, 371356), (82, 0.72, 281151), (215, 0.72, 374847), (756, 0.72, 749631), (919, 0.72, 277077)]), (HyperModel(
  (layers): ModuleList(
    (0): GeoLayer(1433, 64, heads=1)
    (1): LeakyReLU(negative_slope=0.01)
    (2): GeoLayer(64, 7, heads=6)
    (3): LeakyReLU(negative_slope=0.01)
  )
), 0.765, 94683, 1132.6171288490295, [(-1, 0.666, 3029090), (0, 0.666, 3029090), (56, 0.666, 185635), (63, 0.666, 371235), (65, 0.666, 371235), (130, 0.666, 3027035), (135, 0.666, 94683)]), (HyperModel(
  (layers): ModuleList(
    (0): GeoLayer(1433, 512, heads=4)
    (1): ReLU6()
    (2): GeoLayer(2048, 7, heads=8)
    (3): Sigmoid()
  )
), 0.8, 3055735, 2517.867166996002, [(-1, 0.584, 6179198), (1, 0.584, 6179198), (3, 0.584, 6113278), (4, 0.584, 6113278), (18, 0.584, 48124), (143, 0.584, 3121911), (242, 0.584, 3055735), (244, 0.584, 764023), (550, 0.584, 2971562), (1142, 0.584, 186652), (1186, 0.584, 6179454), (1440, 0.584, 6111863), (1472, 0.584, 3055735)]), (HyperModel(
  (layers): ModuleList(
    (0): GeoLayer(1433, 512, heads=1)
    (1): Softplus(beta=1, threshold=20)
    (2): GeoLayer(512, 7, heads=4)
    (3): ReLU6()
  )
), 0.77, 751565, 1847.9453041553497, [(-1, 0.6, 883270), (4, 0.6, 883789), (60, 0.6, 4758133), (63, 0.6, 4758126), (117, 0.6, 752070), (141, 0.6, 376774), (145, 0.6, 758754), (1049, 0.6, 5999046), (1227, 0.6, 751565)]), (HyperModel(
  (layers): ModuleList(
    (0): GeoLayer(1433, 64, heads=4)
    (1): Identity()
    (2): GeoLayer(256, 7, heads=16)
    (3): ELU(alpha=1.0)
  )
), 0.77, 396519, 988.5230255126953, [(-1, 0.486, 101237), (0, 0.486, 398453), (20, 0.486, 184725), (28, 0.486, 369436), (29, 0.486, 369436), (33, 0.486, 369436), (287, 0.486, 198382), (1207, 0.486, 396519)]), (HyperModel(
  (layers): ModuleList(
    (0): GeoLayer(1433, 64, heads=4)
    (1): Softplus(beta=1, threshold=20)
    (2): GeoLayer(256, 7, heads=4)
    (3): Tanh()
  )
), 0.665, 376838, 661.0533020496368, [(-1, 0.446, 379708), (3, 0.446, 768134), (8, 0.446, 757411), (9, 0.446, 757411), (12, 0.446, 186723), (17, 0.446, 371356), (22, 0.446, 189446), (41, 0.446, 189382), (267, 0.446, 371356), (637, 0.446, 740835), (830, 0.446, 186652), (1341, 0.446, 376838)]), (HyperModel(
  (layers): ModuleList(
    (0): GeoLayer(1433, 16, heads=2)
    (1): Sigmoid()
    (2): GeoLayer(32, 7, heads=6)
    (3): Softplus(beta=1, threshold=20)
  )
), 0.78, 47387, 1301.050364971161, [(-1, 0.166, 51694), (3, 0.166, 51694), (6, 0.166, 150782), (8, 0.166, 398462), (10, 0.166, 1587374), (11, 0.166, 1587374), (15, 0.166, 396519), (16, 0.166, 371235), (17, 0.166, 371235), (18, 0.166, 371235), (350, 0.166, 47387)]), (HyperModel(
  (layers): ModuleList(
    (0): GeoLayer(1433, 128, heads=1)
    (1): ReLU()
    (2): GeoLayer(128, 7, heads=6)
    (3): Tanh()
  )
), 0.791, 189275, 764.4084160327911, [(-1, 0.7, 740764), (0, 0.7, 738837), (1, 0.7, 738837), (18, 0.7, 1113763), (26, 0.7, 198503), (560, 0.7, 189275)]), (HyperModel(
  (layers): ModuleList(
    (0): GeoLayer(1433, 32, heads=1)
    (1): Softplus(beta=1, threshold=20)
    (2): GeoLayer(32, 7, heads=16)
    (3): Identity()
  )
), 0.783, 49774, 434.0835943222046, [(-1, 0.294, 104038), (0, 0.294, 102111), (11, 0.294, 24999), (158, 0.294, 25006), (458, 0.294, 99303), (1045, 0.294, 47879), (1226, 0.294, 49774)]), (HyperModel(
  (layers): ModuleList(
    (0): GeoLayer(1433, 128, heads=16)
    (1): ReLU6()
    (2): GeoLayer(2048, 7, heads=8)
    (3): ReLU()
  )
), 0.787, 3055735, 1558.271484375, [(-1, 0.24, 384642), (0, 0.24, 384626), (4, 0.24, 380386), (27, 0.24, 3028962), (31, 0.24, 3060059), (58, 0.24, 1529854), (80, 0.24, 3055735)]), (HyperModel(
  (layers): ModuleList(
    (0): GeoLayer(1433, 32, heads=1)
    (1): ReLU6()
    (2): GeoLayer(32, 7, heads=16)
    (3): LeakyReLU(negative_slope=0.01)
  )
), 0.765, 49799, 1196.646295785904, [(-1, 0.7, 6179198), (10, 0.7, 5912476), (14, 0.7, 5912476), (190, 0.7, 92373), (278, 0.7, 371356), (382, 0.7, 94300), (665, 0.7, 186652), (977, 0.7, 1585383), (1106, 0.7, 369429), (1405, 0.7, 49799)]), (HyperModel(
  (layers): ModuleList(
    (0): GeoLayer(1433, 16, heads=1)
    (1): ELU(alpha=1.0)
    (2): GeoLayer(16, 7, heads=2)
    (3): Identity()
  )
), 0.764, 23235, 1014.9391624927521, [(-1, 0.706, 153079), (0, 0.706, 147591), (7, 0.706, 765950), (80, 0.706, 382071), (83, 0.706, 382071), (656, 0.706, 23235)]), (HyperModel(
  (layers): ModuleList(
    (0): GeoLayer(1433, 32, heads=8)
    (1): Tanh()
    (2): GeoLayer(256, 7, heads=6)
    (3): Sigmoid()
  )
), 0.795, 378466, 1013.4220473766327, [(-1, 0.528, 1545756), (1, 0.528, 5978396), (8, 0.528, 383998), (16, 0.528, 369429), (18, 0.528, 738837), (23, 0.528, 382071), (24, 0.528, 382071), (45, 0.528, 189282), (953, 0.528, 191111), (954, 0.528, 3055991), (955, 0.528, 3055735), (1281, 0.528, 378466)]), (HyperModel(
  (layers): ModuleList(
    (0): GeoLayer(1433, 512, heads=16)
    (1): LeakyReLU(negative_slope=0.01)
    (2): GeoLayer(8192, 7, heads=16)
    (3): Identity()
  )
), 0.616, 12813166, 2414.142515897751, [(-1, 0.156, 3123582), (0, 0.156, 6244990), (25, 0.156, 28231), (27, 0.156, 375475), (30, 0.156, 400759), (321, 0.156, 202622), (333, 0.156, 195342), (567, 0.156, 12813166)]), (HyperModel(
  (layers): ModuleList(
    (0): GeoLayer(1433, 32, heads=8)
    (1): Tanh()
    (2): GeoLayer(256, 7, heads=4)
    (3): ReLU()
  )
), 0.747, 374847, 1195.1669595241547, [(-1, 0.528, 3033286), (0, 0.528, 3033286), (1, 0.528, 3033286), (8, 0.528, 1587310), (18, 0.528, 1496156), (24, 0.528, 749116), (38, 0.528, 1534150), (39, 0.528, 1534150), (40, 0.528, 1534150), (96, 0.528, 755477), (145, 0.528, 1479580), (217, 0.528, 1501126), (218, 0.528, 1501126), (247, 0.528, 749631), (530, 0.528, 738837), (633, 0.528, 749631), (878, 0.528, 374847)]), (HyperModel(
  (layers): ModuleList(
    (0): GeoLayer(1433, 32, heads=1)
    (1): ReLU()
    (2): GeoLayer(32, 7, heads=6)
    (3): Tanh()
  )
), 0.791, 47394, 849.0825390815735, [(-1, 0.75, 47426), (3, 0.75, 756834), (12, 0.75, 103959), (131, 0.75, 191159), (761, 0.75, 191102), (1467, 0.75, 47394)]), (HyperModel(
  (layers): ModuleList(
    (0): GeoLayer(1433, 32, heads=1)
    (1): ELU(alpha=1.0)
    (2): GeoLayer(32, 7, heads=6)
    (3): Identity()
  )
), 0.773, 47387, 817.1986179351807, [(-1, 0.484, 226174), (0, 0.484, 226046), (17, 0.484, 1517702), (18, 0.484, 3033286), (39, 0.484, 49790), (88, 0.484, 413410), (92, 0.484, 96610), (94, 0.484, 96610), (95, 0.484, 96610), (96, 0.484, 97534), (98, 0.484, 92835), (99, 0.484, 94683), (786, 0.484, 47387)]), (HyperModel(
  (layers): ModuleList(
    (0): GeoLayer(1433, 256, heads=6)
    (1): Tanh()
    (2): GeoLayer(1536, 7, heads=2)
    (3): ReLU6()
  )
), 0.335, 2295082, 668.7343235015869, [(-1, 0.766, 371498), (60, 0.766, 98923), (97, 0.766, 97075), (107, 0.766, 387811), (125, 0.766, 146219), (133, 0.766, 2295082)]), (HyperModel(
  (layers): ModuleList(
    (0): GeoLayer(1433, 64, heads=8)
    (1): ReLU6()
    (2): GeoLayer(512, 7, heads=16)
    (3): LeakyReLU(negative_slope=0.01)
  )
), 0.794, 792878, 1588.0543961524963, [(-1, 0.404, 193054), (2, 0.404, 193054), (4, 0.404, 3058174), (12, 0.404, 3172974), (15, 0.404, 3172974), (18, 0.404, 396583), (119, 0.404, 825959), (124, 0.404, 198382), (204, 0.404, 749638), (712, 0.404, 46950), (1394, 0.404, 792878)]), (HyperModel(
  (layers): ModuleList(
    (0): GeoLayer(1433, 256, heads=4)
    (1): ReLU6()
    (2): GeoLayer(1024, 7, heads=8)
    (3): LeakyReLU(negative_slope=0.01)
  )
), 0.707, 1527927, 916.8433401584625, [(-1, 0.686, 146774), (23, 0.686, 144847), (25, 0.686, 144847), (27, 0.686, 144847), (40, 0.686, 97999), (44, 0.686, 95607), (115, 0.686, 147591), (662, 0.686, 95607), (1073, 0.686, 1527927)]), (HyperModel(
  (layers): ModuleList(
    (0): GeoLayer(1433, 256, heads=6)
    (1): ReLU()
    (2): GeoLayer(1536, 7, heads=6)
    (3): LeakyReLU(negative_slope=0.01)
  )
), 0.707, 2338146, 1404.8760406970978, [(-1, 0.124, 2990236), (1, 0.124, 5978396), (7, 0.124, 5912476), (9, 0.124, 740764), (10, 0.124, 279004), (11, 0.124, 279004), (17, 0.124, 379708), (19, 0.124, 379708), (23, 0.124, 379708), (40, 0.124, 371356), (41, 0.124, 371356), (836, 0.124, 376774), (929, 0.124, 2338146)])]
