Results:  [(HyperModel(
  (layers): ModuleList(
    (0): GeoLayer(3703, 16, heads=4)
    (1): Sigmoid()
    (2): GeoLayer(64, 6, heads=2)
    (3): Tanh()
  )
), 0.669, 242222, 1014.9847779273987, [(-1, 0.508, 724566), (20, 0.506, 485956), (21, 0.632, 484286), (35, 0.67, 968414), (41, 0.692, 255350), (131, 0.704, 242222)]), (HyperModel(
  (layers): ModuleList(
    (0): GeoLayer(3703, 128, heads=4)
    (1): ReLU()
    (2): GeoLayer(512, 6, heads=8)
    (3): Tanh()
  )
), 0.687, 1922156, 932.099588394165, [(-1, 0.474, 3911788), (1, 0.622, 3845868), (35, 0.618, 244598), (36, 0.614, 242222), (37, 0.634, 242222), (41, 0.674, 242222), (52, 0.69, 356958), (53, 0.696, 59518), (151, 0.704, 3807262), (152, 0.712, 951838), (1438, 0.722, 1922156)]), (HyperModel(
  (layers): ModuleList(
    (0): GeoLayer(3703, 16, heads=6)
    (1): ReLU6()
    (2): GeoLayer(96, 6, heads=6)
    (3): ReLU6()
  )
), 0.663, 359310, 892.7039637565613, [(-1, 0.478, 61188), (0, 0.578, 239652), (3, 0.6, 256228), (17, 0.678, 11497178), (19, 0.686, 1917658), (122, 0.684, 1442002), (123, 0.698, 1425426), (913, 0.706, 11421732), (939, 0.702, 475934), (986, 0.706, 359310)]), (HyperModel(
  (layers): ModuleList(
    (0): GeoLayer(3703, 16, heads=1)
    (1): ELU(alpha=1.0)
    (2): GeoLayer(16, 6, heads=8)
    (3): Sigmoid()
  )
), 0.671, 60166, 677.0561258792877, [(-1, 0.146, 66940), (0, 0.198, 66940), (1, 0.348, 66940), (4, 0.514, 65270), (9, 0.644, 126102), (19, 0.664, 244598), (41, 0.682, 247782), (190, 0.68, 243822), (455, 0.678, 61030), (461, 0.71, 60166)]), (HyperModel(
  (layers): ModuleList(
    (0): GeoLayer(3703, 32, heads=4)
    (1): ELU(alpha=1.0)
    (2): GeoLayer(128, 6, heads=2)
    (3): LeakyReLU(negative_slope=0.01)
  )
), 0.641, 475934, 2058.0943405628204, [(-1, 0.524, 1981522), (5, 0.572, 31279570), (33, 0.566, 7788364), (37, 0.564, 359804), (39, 0.638, 358134), (42, 0.67, 356958), (77, 0.68, 1909814), (95, 0.68, 973510), (97, 0.692, 973510), (108, 0.686, 958030), (179, 0.692, 243526), (242, 0.7, 11459126), (271, 0.694, 238774), (1261, 0.722, 475934)]), (HyperModel(
  (layers): ModuleList(
    (0): GeoLayer(3703, 256, heads=6)
    (1): Identity()
    (2): GeoLayer(1536, 6, heads=1)
    (3): Sigmoid()
  )
), 0.685, 5701650, 1092.878522157669, [(-1, 0.514, 123660), (2, 0.618, 123660), (54, 0.678, 365190), (128, 0.682, 124486), (152, 0.682, 121884), (153, 0.678, 120252), (173, 0.69, 1947078), (311, 0.694, 960196), (362, 0.694, 951966), (392, 0.702, 475934), (612, 0.696, 118818), (704, 0.712, 5701650)]), (HyperModel(
  (layers): ModuleList(
    (0): GeoLayer(3703, 32, heads=8)
    (1): ELU(alpha=1.0)
    (2): GeoLayer(256, 6, heads=2)
    (3): Sigmoid()
  )
), 0.683, 951838, 1862.5146605968475, [(-1, 0.384, 30540434), (0, 0.578, 30540434), (1, 0.594, 30540434), (8, 0.644, 1908920), (12, 0.674, 1908920), (250, 0.688, 1903652), (379, 0.708, 3832020), (1194, 0.714, 951838)]), (HyperModel(
  (layers): ModuleList(
    (0): GeoLayer(3703, 16, heads=16)
    (1): Softplus(beta=1, threshold=20)
    (2): GeoLayer(256, 6, heads=6)
    (3): Sigmoid()
  )
), 0.709, 958046, 1433.772842168808, [(-1, 0.212, 486540), (0, 0.35, 486540), (1, 0.452, 486540), (10, 0.514, 365220), (11, 0.586, 365220), (35, 0.626, 2906958), (39, 0.658, 3864910), (41, 0.66, 479054), (47, 0.688, 479054), (54, 0.688, 359310), (65, 0.7, 365190), (628, 0.694, 360502), (885, 0.694, 59740), (1396, 0.724, 958046)]), (HyperModel(
  (layers): ModuleList(
    (0): GeoLayer(3703, 64, heads=6)
    (1): ReLU()
    (2): GeoLayer(384, 6, heads=6)
    (3): ELU(alpha=1.0)
  )
), 0.654, 1437006, 2644.6255435943604, [(-1, 0.156, 7756140), (0, 0.192, 7756140), (2, 0.216, 7756140), (4, 0.222, 3911788), (5, 0.34, 1028716), (13, 0.486, 7821676), (21, 0.512, 11629396), (33, 0.514, 7689964), (36, 0.524, 7689964), (37, 0.562, 7689964), (38, 0.578, 7689964), (41, 0.578, 3845868), (60, 0.664, 961126), (154, 0.694, 961190), (586, 0.712, 1437006)]), (HyperModel(
  (layers): ModuleList(
    (0): GeoLayer(3703, 128, heads=1)
    (1): Tanh()
    (2): GeoLayer(128, 6, heads=16)
    (3): ReLU()
  )
), 0.671, 486854, 936.7041471004486, [(-1, 0.492, 65320), (0, 0.5, 65320), (2, 0.592, 61080), (13, 0.616, 3802776), (15, 0.652, 239256), (34, 0.662, 237586), (40, 0.656, 121862), (80, 0.666, 365190), (106, 0.664, 61030), (110, 0.676, 365190), (117, 0.68, 356370), (198, 0.696, 2920134), (220, 0.718, 486854)]), (HyperModel(
  (layers): ModuleList(
    (0): GeoLayer(3703, 256, heads=16)
    (1): ReLU6()
    (2): GeoLayer(4096, 6, heads=8)
    (3): Identity()
  )
), 0.668, 15376486, 1247.3253581523895, [(-1, 0.11, 991182), (1, 0.548, 992852), (6, 0.582, 1006662), (7, 0.628, 1006662), (10, 0.648, 1006534), (13, 0.658, 1006534), (74, 0.66, 486982), (75, 0.678, 486982), (76, 0.686, 973638), (77, 0.682, 486854), (124, 0.676, 240390), (130, 0.69, 240358), (294, 0.684, 121862), (373, 0.692, 973638), (396, 0.71, 15376486)]), (HyperModel(
  (layers): ModuleList(
    (0): GeoLayer(3703, 64, heads=4)
    (1): Identity()
    (2): GeoLayer(256, 6, heads=1)
    (3): Sigmoid()
  )
), 0.676, 950296, 804.9417109489441, [(-1, 0.59, 3959366), (2, 0.616, 1039430), (10, 0.612, 491094), (42, 0.686, 950290), (45, 0.68, 118802), (62, 0.698, 716214), (356, 0.7, 239566), (357, 0.694, 237586), (533, 0.688, 121894), (718, 0.698, 475154), (722, 0.708, 950296)]), (HyperModel(
  (layers): ModuleList(
    (0): GeoLayer(3703, 64, heads=2)
    (1): Identity()
    (2): GeoLayer(128, 6, heads=1)
    (3): Sigmoid()
  )
), 0.654, 475154, 593.0974659919739, [(-1, 0.516, 1948492), (0, 0.56, 1948492), (1, 0.578, 1948492), (2, 0.66, 975180), (15, 0.66, 476824), (20, 0.684, 7786694), (93, 0.684, 243526), (94, 0.696, 1946822), (95, 0.704, 1946822), (106, 0.7, 243526), (881, 0.698, 237650), (1038, 0.692, 118802), (1169, 0.702, 475218), (1193, 0.696, 237586), (1310, 0.71, 475154)]), (HyperModel(
  (layers): ModuleList(
    (0): GeoLayer(3703, 128, heads=8)
    (1): ReLU()
    (2): GeoLayer(1024, 6, heads=1)
    (3): Sigmoid()
  )
), 0.684, 3801234, 2134.0778567790985, [(-1, 0.414, 31147852), (0, 0.482, 30557884), (9, 0.598, 30410392), (19, 0.614, 714392), (66, 0.636, 3821244), (69, 0.644, 2852504), (80, 0.652, 2875604), (201, 0.662, 954934), (265, 0.668, 712728), (305, 0.698, 15204370), (562, 0.698, 3844198), (1147, 0.708, 3801234)]), (HyperModel(
  (layers): ModuleList(
    (0): GeoLayer(3703, 32, heads=1)
    (1): Sigmoid()
    (2): GeoLayer(32, 6, heads=8)
    (3): Tanh()
  )
), 0.672, 120236, 665.9570837020874, [(-1, 0.498, 249594), (0, 0.576, 968058), (6, 0.574, 960318), (8, 0.586, 968058), (9, 0.636, 959706), (20, 0.634, 241236), (21, 0.67, 239566), (22, 0.682, 239566), (28, 0.688, 237586), (318, 0.698, 120236)]), (HyperModel(
  (layers): ModuleList(
    (0): GeoLayer(3703, 16, heads=4)
    (1): ReLU6()
    (2): GeoLayer(64, 6, heads=1)
    (3): Tanh()
  )
), 0.679, 237586, 1821.1547992229462, [(-1, 0.268, 15640780), (0, 0.314, 15639110), (10, 0.544, 7772476), (11, 0.568, 7772476), (14, 0.654, 3885494), (19, 0.668, 243014), (32, 0.686, 244598), (79, 0.696, 244598), (866, 0.708, 965366), (1154, 0.702, 240358), (1263, 0.698, 237586)]), (HyperModel(
  (layers): ModuleList(
    (0): GeoLayer(3703, 128, heads=2)
    (1): Identity()
    (2): GeoLayer(256, 6, heads=1)
    (3): ELU(alpha=1.0)
  )
), 0.639, 950290, 2011.8924448490143, [(-1, 0.654, 475940), (1, 0.688, 475940), (397, 0.708, 950290)]), (HyperModel(
  (layers): ModuleList(
    (0): GeoLayer(3703, 16, heads=8)
    (1): ReLU()
    (2): GeoLayer(128, 6, heads=1)
    (3): ELU(alpha=1.0)
  )
), 0.677, 475154, 1128.6302704811096, [(-1, 0.54, 1443314), (1, 0.548, 1459890), (2, 0.58, 1458220), (3, 0.608, 1458220), (19, 0.636, 1946822), (21, 0.646, 1946822), (29, 0.658, 5832166), (32, 0.662, 1458214), (61, 0.656, 484854), (62, 0.67, 491094), (145, 0.692, 1938726), (395, 0.686, 1442002), (439, 0.7, 475154)]), (HyperModel(
  (layers): ModuleList(
    (0): GeoLayer(3703, 16, heads=4)
    (1): Sigmoid()
    (2): GeoLayer(64, 6, heads=4)
    (3): Identity()
  )
), 0.699, 238774, 811.5275619029999, [(-1, 0.534, 1903646), (0, 0.572, 1903646), (2, 0.664, 475934), (3, 0.678, 475934), (6, 0.678, 237982), (24, 0.702, 475154), (28, 0.712, 3801106), (759, 0.708, 238774)]), (HyperModel(
  (layers): ModuleList(
    (0): GeoLayer(3703, 128, heads=1)
    (1): Tanh()
    (2): GeoLayer(128, 6, heads=2)
    (3): Sigmoid()
  )
), 0.689, 475934, 1509.6741273403168, [(-1, 0.582, 7615006), (0, 0.656, 7615006), (11, 0.666, 3819574), (12, 0.672, 954934), (18, 0.688, 958030), (26, 0.682, 477494), (32, 0.702, 475934)]), (HyperModel(
  (layers): ModuleList(
    (0): GeoLayer(3703, 32, heads=8)
    (1): Tanh()
    (2): GeoLayer(256, 6, heads=6)
    (3): Sigmoid()
  )
), 0.681, 958030, 1200.042673110962, [(-1, 0.624, 3897806), (41, 0.644, 721074), (42, 0.66, 721074), (98, 0.66, 361198), (122, 0.708, 3807262), (1045, 0.712, 958030)]), (HyperModel(
  (layers): ModuleList(
    (0): GeoLayer(3703, 16, heads=6)
    (1): ELU(alpha=1.0)
    (2): GeoLayer(96, 6, heads=6)
    (3): ReLU6()
  )
), 0.694, 359310, 1318.165228843689, [(-1, 0.414, 15444082), (0, 0.512, 3911794), (1, 0.532, 3911788), (3, 0.626, 5833842), (5, 0.666, 366402), (112, 0.678, 718548), (133, 0.68, 365212), (136, 0.678, 243548), (166, 0.698, 3844204), (431, 0.696, 730188), (629, 0.69, 240358), (697, 0.706, 7688294), (1184, 0.708, 359310)]), (HyperModel(
  (layers): ModuleList(
    (0): GeoLayer(3703, 512, heads=1)
    (1): ReLU6()
    (2): GeoLayer(512, 6, heads=8)
    (3): Tanh()
  )
), 0.69, 1922662, 901.3931329250336, [(-1, 0.638, 2032280), (1, 0.682, 2032280), (67, 0.678, 240358), (69, 0.706, 7688294), (105, 0.71, 59518), (267, 0.718, 1922150), (809, 0.726, 1922662)]), (HyperModel(
  (layers): ModuleList(
    (0): GeoLayer(3703, 32, heads=1)
    (1): ReLU()
    (2): GeoLayer(32, 6, heads=8)
    (3): ReLU6()
  )
), 0.674, 120230, 1284.973196029663, [(-1, 0.52, 15378156), (0, 0.598, 15378156), (1, 0.628, 962796), (18, 0.648, 3844198), (21, 0.684, 3819574), (51, 0.694, 1909814), (57, 0.704, 1909878), (733, 0.7, 961126), (930, 0.702, 475154), (967, 0.702, 120230)]), (HyperModel(
  (layers): ModuleList(
    (0): GeoLayer(3703, 128, heads=6)
    (1): Tanh()
    (2): GeoLayer(768, 6, heads=8)
    (3): ReLU6()
  )
), 0.607, 2883174, 1296.502081155777, [(-1, 0.426, 959700), (9, 0.636, 2850834), (11, 0.664, 2883174), (16, 0.688, 2883174), (248, 0.682, 1922156), (274, 0.68, 961132), (334, 0.676, 951838), (359, 0.672, 492510), (388, 0.682, 951844), (581, 0.702, 950296), (1233, 0.72, 2883174)]), (HyperModel(
  (layers): ModuleList(
    (0): GeoLayer(3703, 32, heads=6)
    (1): ReLU6()
    (2): GeoLayer(192, 6, heads=2)
    (3): Tanh()
  )
), 0.633, 713886, 810.2230203151703, [(-1, 0.618, 358628), (26, 0.644, 2857124), (33, 0.66, 956604), (35, 0.674, 954934), (64, 0.67, 716214), (205, 0.666, 358628), (207, 0.686, 356958), (235, 0.688, 237982), (517, 0.696, 3807262), (547, 0.696, 2888484), (1159, 0.696, 961126), (1310, 0.698, 713886)]), (HyperModel(
  (layers): ModuleList(
    (0): GeoLayer(3703, 16, heads=2)
    (1): Identity()
    (2): GeoLayer(32, 6, heads=4)
    (3): Sigmoid()
  )
), 0.683, 119414, 1033.9253413677216, [(-1, 0.372, 1450684), (0, 0.456, 364060), (3, 0.688, 729254), (234, 0.69, 360502), (283, 0.704, 119414)]), (HyperModel(
  (layers): ModuleList(
    (0): GeoLayer(3703, 16, heads=4)
    (1): Tanh()
    (2): GeoLayer(64, 6, heads=1)
    (3): Tanh()
  )
), 0.656, 241826, 935.3943474292755, [(-1, 0.51, 3835800), (2, 0.558, 3835800), (5, 0.566, 3841956), (13, 0.62, 3841956), (30, 0.624, 485956), (84, 0.636, 1938340), (132, 0.642, 958674), (135, 0.65, 3834130), (140, 0.664, 1933586), (188, 0.67, 984862), (263, 0.674, 966382), (271, 0.688, 966382), (356, 0.69, 508958), (551, 0.684, 484286), (584, 0.696, 1908946), (665, 0.702, 960190), (1049, 0.704, 483506), (1054, 0.71, 241826)]), (HyperModel(
  (layers): ModuleList(
    (0): GeoLayer(3703, 16, heads=2)
    (1): LeakyReLU(negative_slope=0.01)
    (2): GeoLayer(32, 6, heads=8)
    (3): Tanh()
  )
), 0.65, 120230, 733.5582687854767, [(-1, 0.586, 1006534), (1, 0.6, 984862), (3, 0.642, 951838), (48, 0.644, 476824), (53, 0.66, 477604), (131, 0.664, 119006), (133, 0.672, 119006), (211, 0.68, 361198), (635, 0.676, 59518), (968, 0.684, 475154), (1101, 0.68, 60166), (1103, 0.692, 120230)]), (HyperModel(
  (layers): ModuleList(
    (0): GeoLayer(3703, 64, heads=8)
    (1): ELU(alpha=1.0)
    (2): GeoLayer(512, 6, heads=6)
    (3): ELU(alpha=1.0)
  )
), 0.65, 1915982, 695.8640649318695, [(-1, 0.556, 960844), (1, 0.572, 967036), (12, 0.594, 247608), (17, 0.636, 247918), (41, 0.662, 1915988), (43, 0.662, 958036), (45, 0.688, 958036), (147, 0.686, 119828), (1097, 0.698, 1915982)]), (HyperModel(
  (layers): ModuleList(
    (0): GeoLayer(3703, 16, heads=8)
    (1): LeakyReLU(negative_slope=0.01)
    (2): GeoLayer(128, 6, heads=8)
    (3): ReLU()
  )
), 0.686, 480630, 2104.195357322693, [(-1, 0.676, 966872), (77, 0.7, 237586), (879, 0.71, 1946822), (995, 0.704, 486854), (1427, 0.71, 480630)]), (HyperModel(
  (layers): ModuleList(
    (0): GeoLayer(3703, 16, heads=1)
    (1): ReLU6()
    (2): GeoLayer(16, 6, heads=6)
    (3): Sigmoid()
  )
), 0.695, 59950, 1019.0764138698578, [(-1, 0.308, 1926004), (0, 0.332, 728564), (2, 0.536, 128174), (5, 0.618, 960190), (11, 0.648, 7663694), (12, 0.682, 7663694), (52, 0.688, 712722), (332, 0.71, 7614494), (1103, 0.708, 718542), (1473, 0.702, 59950)])]
