Results:  [(HyperModel(
  (layers): ModuleList(
    (0): GeoLayer(1433, 16, heads=2)
    (1): ELU(alpha=1.0)
    (2): GeoLayer(32, 7, heads=4)
    (3): ReLU6()
  )
), 0.793, 46927, 478.3503153324127, [(-1, 0.514, 572700), (0, 0.57, 572700), (1, 0.63, 580806), (6, 0.718, 564230), (17, 0.78, 187519), (19, 0.784, 46927), (210, 0.784, 46197), (568, 0.792, 92389), (668, 0.79, 46927)]), (HyperModel(
  (layers): ModuleList(
    (0): GeoLayer(1433, 128, heads=1)
    (1): ReLU6()
    (2): GeoLayer(128, 7, heads=1)
    (3): ReLU()
  )
), 0.791, 184725, 956.3240020275116, [(-1, 0.678, 3033286), (7, 0.692, 3033286), (35, 0.748, 756827), (43, 0.78, 3027035), (138, 0.774, 187455), (612, 0.788, 184725)]), (HyperModel(
  (layers): ModuleList(
    (0): GeoLayer(1433, 16, heads=1)
    (1): Tanh()
    (2): GeoLayer(16, 7, heads=16)
    (3): ELU(alpha=1.0)
  )
), 0.733, 25015, 1504.0809290409088, [(-1, 0.058, 204542), (0, 0.482, 200302), (2, 0.564, 5998534), (3, 0.64, 189389), (5, 0.666, 376781), (13, 0.672, 140483), (85, 0.68, 3094882), (108, 0.706, 1515497), (112, 0.726, 1587829), (131, 0.738, 382715), (134, 0.766, 378459), (167, 0.776, 23739), (390, 0.784, 2998854), (395, 0.78, 1499718), (419, 0.778, 46911), (718, 0.788, 140630), (732, 0.798, 25015)]), (HyperModel(
  (layers): ModuleList(
    (0): GeoLayer(1433, 16, heads=2)
    (1): Softplus(beta=1, threshold=20)
    (2): GeoLayer(32, 7, heads=8)
    (3): Sigmoid()
  )
), 0.777, 47886, 989.8659446239471, [(-1, 0.624, 1660151), (1, 0.65, 1660151), (2, 0.7, 1660151), (5, 0.746, 1530366), (46, 0.746, 775466), (52, 0.746, 387811), (103, 0.774, 185642), (162, 0.784, 756834), (306, 0.778, 371242), (408, 0.792, 764030), (429, 0.788, 382078), (854, 0.798, 382078), (1028, 0.792, 185642), (1411, 0.798, 47886)]), (HyperModel(
  (layers): ModuleList(
    (0): GeoLayer(1433, 32, heads=2)
    (1): ReLU6()
    (2): GeoLayer(64, 7, heads=6)
    (3): Sigmoid()
  )
), 0.782, 94690, 1239.1854655742645, [(-1, 0.18, 1543580), (6, 0.426, 1548521), (12, 0.444, 6187618), (13, 0.48, 6187618), (15, 0.586, 6187618), (25, 0.72, 1546587), (27, 0.744, 1546587), (41, 0.756, 411483), (178, 0.778, 1513563), (417, 0.774, 378466), (418, 0.782, 378466), (549, 0.776, 369429), (988, 0.772, 185635), (1141, 0.794, 94690)]), (HyperModel(
  (layers): ModuleList(
    (0): GeoLayer(1433, 16, heads=1)
    (1): ELU(alpha=1.0)
    (2): GeoLayer(16, 7, heads=16)
    (3): Identity()
  )
), 0.769, 25022, 833.9373483657837, [(-1, 0.526, 117806), (0, 0.596, 117806), (28, 0.726, 387875), (29, 0.73, 371299), (36, 0.758, 437411), (112, 0.756, 396519), (114, 0.768, 396526), (140, 0.796, 1601959), (548, 0.796, 93766), (658, 0.792, 92842), (712, 0.79, 25022)]), (HyperModel(
  (layers): ModuleList(
    (0): GeoLayer(1433, 32, heads=2)
    (1): Sigmoid()
    (2): GeoLayer(64, 7, heads=16)
    (3): Tanh()
  )
), 0.796, 99303, 606.3594708442688, [(-1, 0.646, 287356), (0, 0.736, 285429), (4, 0.758, 277077), (120, 0.756, 46435), (130, 0.772, 92373), (131, 0.788, 92373), (651, 0.798, 139235), (822, 0.794, 99303)]), (HyperModel(
  (layers): ModuleList(
    (0): GeoLayer(1433, 32, heads=1)
    (1): ELU(alpha=1.0)
    (2): GeoLayer(32, 7, heads=2)
    (3): Sigmoid()
  )
), 0.804, 46435, 1015.9063694477081, [(-1, 0.71, 218659), (1, 0.724, 404259), (12, 0.726, 193987), (13, 0.742, 193987), (16, 0.762, 195807), (62, 0.772, 185635), (268, 0.77, 46197), (452, 0.78, 187455), (807, 0.774, 99303), (872, 0.776, 46435), (1299, 0.784, 198375), (1312, 0.778, 99335), (1313, 0.78, 92405), (1360, 0.782, 46435)]), (HyperModel(
  (layers): ModuleList(
    (0): GeoLayer(1433, 32, heads=2)
    (1): ELU(alpha=1.0)
    (2): GeoLayer(64, 7, heads=6)
    (3): LeakyReLU(negative_slope=0.01)
  )
), 0.764, 94683, 757.9910566806793, [(-1, 0.122, 109582), (1, 0.572, 109582), (4, 0.64, 109582), (7, 0.702, 431470), (10, 0.776, 1618407), (58, 0.776, 756827), (62, 0.78, 378459), (169, 0.778, 195814), (343, 0.776, 187455), (359, 0.788, 99303), (624, 0.79, 94683)]), (HyperModel(
  (layers): ModuleList(
    (0): GeoLayer(1433, 32, heads=4)
    (1): ReLU()
    (2): GeoLayer(128, 7, heads=2)
    (3): Tanh()
  )
), 0.786, 185642, 1096.6361813545227, [(-1, 0.55, 387932), (1, 0.578, 773788), (8, 0.596, 773788), (10, 0.754, 1479580), (128, 0.774, 1513563), (136, 0.782, 1513563), (139, 0.776, 185635), (473, 0.788, 189275), (1399, 0.788, 185642)]), (HyperModel(
  (layers): ModuleList(
    (0): GeoLayer(1433, 64, heads=2)
    (1): Tanh()
    (2): GeoLayer(128, 7, heads=16)
    (3): LeakyReLU(negative_slope=0.01)
  )
), 0.773, 198439, 1442.1859676837921, [(-1, 0.6, 1515490), (1, 0.6, 758754), (3, 0.624, 758818), (8, 0.714, 1530203), (27, 0.724, 6406759), (33, 0.73, 3093218), (44, 0.764, 444386), (176, 0.766, 189275), (179, 0.776, 189275), (435, 0.786, 99319), (1013, 0.784, 23739), (1328, 0.794, 198439)]), (HyperModel(
  (layers): ModuleList(
    (0): GeoLayer(1433, 16, heads=2)
    (1): ELU(alpha=1.0)
    (2): GeoLayer(32, 7, heads=8)
    (3): ReLU6()
  )
), 0.769, 47863, 1018.8702881336212, [(-1, 0.552, 2990236), (1, 0.718, 2988309), (17, 0.716, 383998), (50, 0.714, 379087), (51, 0.766, 379087), (62, 0.784, 2998335), (288, 0.78, 2957219), (428, 0.774, 47863), (529, 0.784, 374847), (983, 0.78, 46911), (1017, 0.794, 49767), (1319, 0.804, 47863)]), (HyperModel(
  (layers): ModuleList(
    (0): GeoLayer(1433, 128, heads=2)
    (1): Softplus(beta=1, threshold=20)
    (2): GeoLayer(256, 7, heads=4)
    (3): ELU(alpha=1.0)
  )
), 0.792, 374847, 600.1256337165833, [(-1, 0.736, 554140), (13, 0.738, 191095), (15, 0.754, 764023), (26, 0.768, 764030), (74, 0.768, 189339), (77, 0.776, 94747), (290, 0.786, 93759), (503, 0.794, 382071), (1188, 0.79, 374847)]), (HyperModel(
  (layers): ModuleList(
    (0): GeoLayer(1433, 64, heads=1)
    (1): Tanh()
    (2): GeoLayer(64, 7, heads=2)
    (3): ReLU6()
  )
), 0.76, 92835, 1102.1377520561218, [(-1, 0.172, 2316614), (1, 0.524, 2316614), (2, 0.556, 2316614), (4, 0.592, 2338146), (6, 0.648, 2359678), (11, 0.66, 2294014), (30, 0.69, 751558), (34, 0.704, 1147902), (52, 0.72, 1587566), (55, 0.736, 1587310), (90, 0.736, 758882), (94, 0.746, 2272226), (459, 0.766, 2293758), (467, 0.77, 396519), (865, 0.774, 92835)]), (HyperModel(
  (layers): ModuleList(
    (0): GeoLayer(1433, 16, heads=2)
    (1): Identity()
    (2): GeoLayer(32, 7, heads=4)
    (3): Identity()
  )
), 0.798, 46911, 1172.4511148929596, [(-1, 0.606, 5978403), (0, 0.622, 11954723), (9, 0.65, 3033286), (16, 0.732, 222299), (42, 0.762, 411490), (184, 0.756, 380386), (300, 0.752, 222299), (313, 0.746, 191202), (386, 0.754, 50691), (585, 0.766, 742435), (606, 0.788, 46911)]), (HyperModel(
  (layers): ModuleList(
    (0): GeoLayer(1433, 64, heads=1)
    (1): Tanh()
    (2): GeoLayer(64, 7, heads=16)
    (3): Identity()
  )
), 0.763, 99303, 1100.7351155281067, [(-1, 0.706, 205858), (0, 0.766, 205851), (4, 0.762, 185635), (128, 0.774, 742435), (185, 0.782, 1484835), (455, 0.784, 99303)]), (HyperModel(
  (layers): ModuleList(
    (0): GeoLayer(1433, 16, heads=6)
    (1): Softplus(beta=1, threshold=20)
    (2): GeoLayer(96, 7, heads=2)
    (3): Identity()
  )
), 0.746, 139242, 735.9424376487732, [(-1, 0.298, 305806), (0, 0.756, 305806), (66, 0.774, 742435), (73, 0.772, 99303), (80, 0.784, 99303), (89, 0.792, 99303), (91, 0.806, 148839), (211, 0.804, 141986), (213, 0.804, 139242)]), (HyperModel(
  (layers): ModuleList(
    (0): GeoLayer(1433, 64, heads=4)
    (1): ELU(alpha=1.0)
    (2): GeoLayer(256, 7, heads=8)
    (3): LeakyReLU(negative_slope=0.01)
  )
), 0.771, 382071, 705.2792763710022, [(-1, 0.152, 396519), (0, 0.44, 99303), (1, 0.496, 92373), (6, 0.65, 398446), (7, 0.738, 398446), (17, 0.754, 1601959), (58, 0.768, 99303), (66, 0.788, 198375), (531, 0.784, 99303), (560, 0.778, 47863), (870, 0.786, 396519), (937, 0.782, 92373), (1254, 0.788, 49767), (1375, 0.796, 382071)]), (HyperModel(
  (layers): ModuleList(
    (0): GeoLayer(1433, 32, heads=8)
    (1): ReLU()
    (2): GeoLayer(256, 7, heads=4)
    (3): LeakyReLU(negative_slope=0.01)
  )
), 0.801, 374847, 1426.9218046665192, [(-1, 0.554, 6007089), (0, 0.67, 6007082), (4, 0.694, 6408686), (7, 0.69, 3066182), (12, 0.694, 3033286), (13, 0.708, 3033286), (27, 0.726, 3033286), (45, 0.726, 381014), (64, 0.766, 189875), (249, 0.764, 143475), (308, 0.774, 1113763), (381, 0.778, 379087), (513, 0.792, 23251), (1172, 0.802, 374847)]), (HyperModel(
  (layers): ModuleList(
    (0): GeoLayer(1433, 32, heads=4)
    (1): Identity()
    (2): GeoLayer(128, 7, heads=1)
    (3): ReLU6()
  )
), 0.799, 184725, 976.6858561038971, [(-1, 0.46, 2971569), (0, 0.672, 2971569), (10, 0.728, 187562), (21, 0.738, 23235), (34, 0.746, 46435), (35, 0.76, 46435), (51, 0.786, 396519), (405, 0.792, 184725)]), (HyperModel(
  (layers): ModuleList(
    (0): GeoLayer(1433, 16, heads=1)
    (1): Identity()
    (2): GeoLayer(16, 7, heads=4)
    (3): ReLU()
  )
), 0.738, 23503, 1381.7176625728607, [(-1, 0.748, 382699), (0, 0.776, 378459), (3, 0.778, 23755), (217, 0.772, 23503), (403, 0.78, 139258), (611, 0.778, 23755), (1022, 0.786, 23503)]), (HyperModel(
  (layers): ModuleList(
    (0): GeoLayer(1433, 16, heads=2)
    (1): ReLU6()
    (2): GeoLayer(32, 7, heads=16)
    (3): Sigmoid()
  )
), 0.783, 49767, 1202.3109707832336, [(-1, 0.522, 379094), (0, 0.692, 379094), (1, 0.728, 379087), (27, 0.758, 1499199), (29, 0.754, 1484835), (32, 0.748, 371235), (33, 0.756, 371235), (45, 0.754, 185635), (46, 0.77, 187455), (123, 0.774, 46911), (553, 0.778, 46435), (595, 0.786, 374847), (725, 0.782, 93759), (875, 0.794, 185635), (1407, 0.8, 49767)]), (HyperModel(
  (layers): ModuleList(
    (0): GeoLayer(1433, 128, heads=1)
    (1): ELU(alpha=1.0)
    (2): GeoLayer(128, 7, heads=16)
    (3): LeakyReLU(negative_slope=0.01)
  )
), 0.781, 198375, 1093.2288920879364, [(-1, 0.122, 3170535), (2, 0.242, 3172462), (5, 0.762, 3170535), (64, 0.76, 187562), (191, 0.78, 1585383), (362, 0.776, 185763), (653, 0.78, 99303), (687, 0.79, 198375)]), (HyperModel(
  (layers): ModuleList(
    (0): GeoLayer(1433, 16, heads=4)
    (1): Softplus(beta=1, threshold=20)
    (2): GeoLayer(64, 7, heads=2)
    (3): ELU(alpha=1.0)
  )
), 0.79, 92842, 736.6622421741486, [(-1, 0.52, 287363), (3, 0.668, 558769), (5, 0.68, 558769), (13, 0.724, 140614), (15, 0.768, 140614), (136, 0.764, 93766), (137, 0.776, 93766), (138, 0.79, 93766), (251, 0.8, 92842)]), (HyperModel(
  (layers): ModuleList(
    (0): GeoLayer(1433, 128, heads=4)
    (1): Identity()
    (2): GeoLayer(512, 7, heads=4)
    (3): Identity()
  )
), 0.763, 749638, 2098.5527119636536, [(-1, 0.648, 103114), (26, 0.682, 3028969), (28, 0.716, 3028962), (29, 0.75, 3027035), (30, 0.748, 1513563), (31, 0.744, 1499199), (83, 0.738, 749631), (84, 0.742, 374847), (85, 0.764, 1499199), (104, 0.768, 792807), (112, 0.776, 1529854), (228, 0.774, 764023), (341, 0.802, 749638)]), (HyperModel(
  (layers): ModuleList(
    (0): GeoLayer(1433, 16, heads=8)
    (1): Softplus(beta=1, threshold=20)
    (2): GeoLayer(128, 7, heads=8)
    (3): Softplus(beta=1, threshold=20)
  )
), 0.785, 191095, 1352.0199790000916, [(-1, 0.178, 6408686), (2, 0.182, 1653230), (5, 0.55, 1479580), (7, 0.668, 1479580), (15, 0.684, 2971562), (16, 0.738, 2971562), (89, 0.738, 1529854), (171, 0.75, 3055735), (172, 0.76, 3027035), (281, 0.778, 193022), (700, 0.782, 95607), (722, 0.79, 191095)]), (HyperModel(
  (layers): ModuleList(
    (0): GeoLayer(1433, 16, heads=16)
    (1): Tanh()
    (2): GeoLayer(256, 7, heads=16)
    (3): Identity()
  )
), 0.747, 400759, 1345.6374650001526, [(-1, 0.122, 6064454), (2, 0.146, 6408686), (3, 0.298, 6007082), (5, 0.372, 6007082), (8, 0.75, 808355), (18, 0.766, 429543), (427, 0.776, 413095), (1032, 0.77, 193987), (1055, 0.778, 193987), (1127, 0.792, 400759)]), (HyperModel(
  (layers): ModuleList(
    (0): GeoLayer(1433, 32, heads=1)
    (1): ReLU6()
    (2): GeoLayer(32, 7, heads=8)
    (3): Identity()
  )
), 0.727, 47863, 1258.1522676944733, [(-1, 0.26, 897669), (3, 0.578, 439089), (4, 0.726, 373169), (17, 0.748, 744362), (20, 0.76, 742435), (31, 0.77, 764023), (40, 0.782, 2291831), (99, 0.776, 278467), (169, 0.788, 6111351), (285, 0.792, 279011), (415, 0.79, 47863)]), (HyperModel(
  (layers): ModuleList(
    (0): GeoLayer(1433, 32, heads=2)
    (1): ReLU6()
    (2): GeoLayer(64, 7, heads=4)
    (3): Tanh()
  )
), 0.759, 93759, 527.491756439209, [(-1, 0.728, 99847), (0, 0.768, 95607), (1, 0.788, 95607), (7, 0.794, 93759)]), (HyperModel(
  (layers): ModuleList(
    (0): GeoLayer(1433, 16, heads=2)
    (1): ELU(alpha=1.0)
    (2): GeoLayer(32, 7, heads=4)
    (3): Softplus(beta=1, threshold=20)
  )
), 0.784, 46911, 645.4878709316254, [(-1, 0.688, 281151), (0, 0.742, 281151), (1, 0.758, 281183), (2, 0.772, 281183), (23, 0.774, 93759), (60, 0.784, 93759), (401, 0.792, 396519), (801, 0.788, 286583), (1090, 0.786, 46911)]), (HyperModel(
  (layers): ModuleList(
    (0): GeoLayer(1433, 16, heads=1)
    (1): ReLU()
    (2): GeoLayer(16, 7, heads=2)
    (3): Tanh()
  )
), 0.767, 23251, 1185.3315043449402, [(-1, 0.682, 4887399), (5, 0.764, 1113635), (52, 0.77, 792814), (63, 0.77, 756827), (65, 0.794, 189275), (996, 0.794, 23251)]), (HyperModel(
  (layers): ModuleList(
    (0): GeoLayer(1433, 16, heads=1)
    (1): LeakyReLU(negative_slope=0.01)
    (2): GeoLayer(16, 7, heads=1)
    (3): Tanh()
  )
), 0.798, 23109, 515.312780380249, [(-1, 0.644, 374847), (1, 0.676, 374847), (2, 0.69, 187455), (4, 0.758, 184725), (6, 0.77, 369429), (18, 0.782, 377781), (182, 0.78, 92835), (298, 0.794, 93759), (413, 0.798, 92835), (846, 0.792, 23109)])]
