Results:  [(HyperModel(
  (layers): ModuleList(
    (0): GeoLayer(500, 16, heads=6)
    (1): ReLU()
    (2): GeoLayer(96, 3, heads=1)
    (3): Sigmoid()
  )
), 0.761, 48585, 1822.2222728729248, [(-1, 0.6, 278098), (21, 0.752, 34678), (22, 0.788, 34678), (112, 0.788, 16201), (141, 0.796, 32393), (218, 0.804, 16915), (618, 0.822, 48585)]), (HyperModel(
  (layers): ModuleList(
    (0): GeoLayer(500, 32, heads=4)
    (1): Tanh()
    (2): GeoLayer(128, 3, heads=1)
    (3): Sigmoid()
  )
), 0.776, 64780, 3515.648481607437, [(-1, 0.774, 1079350), (45, 0.78, 1036297), (90, 0.782, 259084), (106, 0.778, 32396), (107, 0.8, 32396), (283, 0.81, 64780)]), (HyperModel(
  (layers): ModuleList(
    (0): GeoLayer(500, 16, heads=4)
    (1): ReLU()
    (2): GeoLayer(64, 3, heads=8)
    (3): ELU(alpha=1.0)
  )
), 0.783, 33779, 2703.645695924759, [(-1, 0.282, 588050), (0, 0.312, 588050), (7, 0.404, 198686), (9, 0.416, 594206), (26, 0.788, 141155), (252, 0.796, 129545), (384, 0.792, 32987), (656, 0.806, 134963), (1415, 0.802, 33779)]), (HyperModel(
  (layers): ModuleList(
    (0): GeoLayer(500, 256, heads=4)
    (1): ELU(alpha=1.0)
    (2): GeoLayer(1024, 3, heads=6)
    (3): Identity()
  )
), 0.769, 533546, 4444.557010173798, [(-1, 0.398, 654354), (2, 0.718, 163471), (13, 0.74, 326543), (44, 0.74, 137897), (47, 0.774, 533543), (50, 0.78, 133415), (55, 0.792, 35395), (683, 0.786, 16201), (730, 0.798, 533546)]), (HyperModel(
  (layers): ModuleList(
    (0): GeoLayer(500, 16, heads=16)
    (1): ReLU6()
    (2): GeoLayer(256, 3, heads=1)
    (3): Sigmoid()
  )
), 0.788, 129545, 4069.0550351142883, [(-1, 0.658, 207078), (0, 0.766, 141158), (45, 0.776, 32591), (49, 0.784, 195471), (139, 0.788, 32393), (143, 0.804, 32393), (1056, 0.816, 129545)]), (HyperModel(
  (layers): ModuleList(
    (0): GeoLayer(500, 64, heads=1)
    (1): ELU(alpha=1.0)
    (2): GeoLayer(64, 3, heads=2)
    (3): Tanh()
  )
), 0.786, 32594, 2685.434997320175, [(-1, 0.508, 17100), (0, 0.524, 17100), (4, 0.66, 65676), (16, 0.672, 106095), (18, 0.702, 212047), (19, 0.714, 212047), (42, 0.728, 145395), (48, 0.732, 51939), (56, 0.74, 49167), (96, 0.748, 212050), (136, 0.79, 105891), (244, 0.786, 17202), (272, 0.798, 33383), (593, 0.792, 32594)]), (HyperModel(
  (layers): ModuleList(
    (0): GeoLayer(500, 64, heads=4)
    (1): Tanh()
    (2): GeoLayer(256, 3, heads=6)
    (3): Sigmoid()
  )
), 0.792, 133415, 4202.963272571564, [(-1, 0.712, 533799), (0, 0.738, 533543), (2, 0.75, 534442), (3, 0.768, 534442), (17, 0.772, 65950), (19, 0.78, 527387), (42, 0.774, 134314), (43, 0.774, 34282), (82, 0.784, 132766), (192, 0.778, 34282), (238, 0.792, 133415), (372, 0.798, 33383), (686, 0.794, 32591), (1454, 0.808, 133415)]), (HyperModel(
  (layers): ModuleList(
    (0): GeoLayer(500, 16, heads=6)
    (1): ReLU6()
    (2): GeoLayer(96, 3, heads=2)
    (3): Sigmoid()
  )
), 0.771, 49778, 4673.872112035751, [(-1, 0.196, 1260259), (0, 0.416, 1211059), (13, 0.728, 437811), (19, 0.746, 696035), (24, 0.742, 21971), (33, 0.762, 696547), (112, 0.786, 17731), (216, 0.8, 54883), (1285, 0.798, 49778)]), (HyperModel(
  (layers): ModuleList(
    (0): GeoLayer(500, 32, heads=2)
    (1): LeakyReLU(negative_slope=0.01)
    (2): GeoLayer(64, 3, heads=1)
    (3): LeakyReLU(negative_slope=0.01)
  )
), 0.72, 32393, 2401.2529940605164, [(-1, 0.542, 66066), (62, 0.728, 21987), (119, 0.776, 32393), (121, 0.77, 16201), (195, 0.782, 32393), (488, 0.776, 16915), (581, 0.784, 105923), (617, 0.786, 33779), (1054, 0.786, 32393)]), (HyperModel(
  (layers): ModuleList(
    (0): GeoLayer(500, 32, heads=1)
    (1): LeakyReLU(negative_slope=0.01)
    (2): GeoLayer(32, 3, heads=6)
    (3): Sigmoid()
  )
), 0.763, 16711, 3686.0994861125946, [(-1, 0.196, 594206), (0, 0.266, 600362), (1, 0.362, 600362), (6, 0.36, 588050), (8, 0.39, 588050), (13, 0.744, 600362), (18, 0.74, 588050), (63, 0.76, 538706), (91, 0.766, 261522), (112, 0.774, 299815), (193, 0.794, 133415), (275, 0.796, 33383), (288, 0.792, 16303), (560, 0.802, 33383), (1352, 0.802, 16711)]), (HyperModel(
  (layers): ModuleList(
    (0): GeoLayer(500, 32, heads=2)
    (1): ReLU6()
    (2): GeoLayer(64, 3, heads=2)
    (3): Tanh()
  )
), 0.764, 32594, 3428.041293144226, [(-1, 0.338, 335795), (1, 0.388, 42131), (11, 0.628, 270774), (12, 0.786, 269875), (88, 0.796, 100071), (426, 0.796, 65170), (427, 0.804, 65167), (448, 0.798, 17731), (449, 0.802, 16915), (480, 0.812, 33782), (485, 0.806, 32594)]), (HyperModel(
  (layers): ModuleList(
    (0): GeoLayer(500, 32, heads=2)
    (1): ReLU()
    (2): GeoLayer(64, 3, heads=8)
    (3): Softplus(beta=1, threshold=20)
  )
), 0.774, 33782, 3269.1668798923492, [(-1, 0.748, 65676), (1, 0.746, 64777), (3, 0.76, 33292), (28, 0.782, 65167), (89, 0.79, 846438), (103, 0.792, 52995), (175, 0.8, 70627), (196, 0.802, 67510), (516, 0.8, 66730), (542, 0.796, 35366), (547, 0.806, 70630), (744, 0.8, 64780), (1046, 0.798, 52995), (1388, 0.804, 33782)]), (HyperModel(
  (layers): ModuleList(
    (0): GeoLayer(500, 64, heads=1)
    (1): ReLU6()
    (2): GeoLayer(64, 3, heads=2)
    (3): Sigmoid()
  )
), 0.754, 32591, 3249.004827976227, [(-1, 0.364, 165790), (0, 0.416, 165790), (24, 0.658, 428574), (48, 0.658, 21442), (50, 0.744, 164242), (76, 0.774, 66727), (185, 0.78, 20747), (308, 0.78, 16303), (309, 0.792, 16303), (463, 0.802, 32591)]), (HyperModel(
  (layers): ModuleList(
    (0): GeoLayer(500, 64, heads=2)
    (1): LeakyReLU(negative_slope=0.01)
    (2): GeoLayer(128, 3, heads=8)
    (3): Sigmoid()
  )
), 0.757, 67507, 2987.6973493099213, [(-1, 0.394, 283431), (1, 0.402, 283431), (10, 0.396, 137897), (11, 0.756, 137897), (12, 0.768, 275657), (45, 0.762, 270774), (72, 0.776, 81353), (194, 0.77, 34678), (195, 0.764, 33779), (196, 0.804, 33779), (405, 0.798, 33292), (599, 0.8, 17406), (1241, 0.808, 131867), (1309, 0.818, 67507)]), (HyperModel(
  (layers): ModuleList(
    (0): GeoLayer(500, 32, heads=2)
    (1): Tanh()
    (2): GeoLayer(64, 3, heads=4)
    (3): Tanh()
  )
), 0.776, 32987, 3815.7633419036865, [(-1, 0.196, 207974), (0, 0.388, 207974), (12, 0.756, 791070), (13, 0.786, 263710), (136, 0.804, 202422), (140, 0.8, 134966), (697, 0.81, 134966), (703, 0.808, 131870), (1442, 0.808, 65950), (1450, 0.802, 35366), (1497, 0.798, 32987)]), (HyperModel(
  (layers): ModuleList(
    (0): GeoLayer(500, 256, heads=4)
    (1): Identity()
    (2): GeoLayer(1024, 3, heads=2)
    (3): Sigmoid()
  )
), 0.761, 521231, 3194.939204931259, [(-1, 0.204, 666154), (3, 0.388, 333613), (6, 0.704, 20954), (7, 0.734, 21158), (11, 0.77, 16714), (35, 0.764, 8378), (36, 0.784, 133418), (133, 0.78, 17814), (205, 0.798, 266794), (352, 0.794, 65167), (428, 0.788, 33779), (461, 0.8, 533543), (493, 0.794, 33383), (494, 0.794, 16711), (729, 0.806, 66727), (734, 0.802, 9274), (1223, 0.812, 521231)]), (HyperModel(
  (layers): ModuleList(
    (0): GeoLayer(500, 32, heads=4)
    (1): LeakyReLU(negative_slope=0.01)
    (2): GeoLayer(128, 3, heads=4)
    (3): Sigmoid()
  )
), 0.791, 65947, 3783.8318638801575, [(-1, 0.732, 801194), (15, 0.776, 1128547), (16, 0.782, 1067047), (18, 0.782, 1036297), (47, 0.794, 1079347), (51, 0.798, 269875), (75, 0.792, 16711), (307, 0.79, 16507), (370, 0.804, 282211), (408, 0.8, 131867), (418, 0.798, 65947), (508, 0.806, 130319), (700, 0.816, 131867), (971, 0.812, 65947)]), (HyperModel(
  (layers): ModuleList(
    (0): GeoLayer(500, 64, heads=2)
    (1): ELU(alpha=1.0)
    (2): GeoLayer(128, 3, heads=6)
    (3): LeakyReLU(negative_slope=0.01)
  )
), 0.779, 66730, 2718.46729016304, [(-1, 0.196, 26982), (4, 0.522, 413923), (5, 0.624, 26083), (10, 0.644, 24859), (12, 0.686, 24859), (13, 0.708, 49563), (62, 0.732, 54298), (65, 0.736, 53726), (68, 0.77, 53723), (327, 0.766, 12510), (438, 0.762, 12345), (449, 0.786, 16204), (532, 0.798, 52998), (816, 0.792, 41339), (1207, 0.796, 33292), (1451, 0.806, 66730)]), (HyperModel(
  (layers): ModuleList(
    (0): GeoLayer(500, 16, heads=2)
    (1): ReLU()
    (2): GeoLayer(32, 3, heads=1)
    (3): Sigmoid()
  )
), 0.768, 16201, 3095.82146191597, [(-1, 0.196, 518153), (0, 0.556, 146121), (2, 0.728, 146121), (3, 0.764, 146121), (72, 0.794, 32987), (119, 0.788, 20441), (336, 0.79, 16201), (351, 0.798, 64777), (355, 0.792, 16201), (957, 0.8, 64777), (1123, 0.798, 16201)]), (HyperModel(
  (layers): ModuleList(
    (0): GeoLayer(500, 128, heads=2)
    (1): Tanh()
    (2): GeoLayer(256, 3, heads=6)
    (3): Tanh()
  )
), 0.777, 133418, 5603.229161739349, [(-1, 0.196, 217578), (0, 0.332, 217578), (2, 0.388, 217578), (4, 0.716, 216679), (6, 0.74, 216679), (57, 0.76, 400167), (61, 0.754, 216679), (64, 0.774, 550119), (66, 0.786, 533543), (75, 0.782, 404787), (79, 0.79, 282211), (87, 0.794, 141155), (290, 0.794, 133415), (442, 0.802, 315235), (643, 0.802, 302899), (947, 0.796, 211686), (951, 0.808, 846438), (1161, 0.802, 141155), (1325, 0.8, 66727), (1371, 0.812, 133418)]), (HyperModel(
  (layers): ModuleList(
    (0): GeoLayer(500, 64, heads=1)
    (1): Identity()
    (2): GeoLayer(64, 3, heads=4)
    (3): Tanh()
  )
), 0.761, 32987, 3483.2497911453247, [(-1, 0.392, 198686), (3, 0.398, 196364), (43, 0.544, 330526), (49, 0.722, 330782), (52, 0.72, 198942), (65, 0.744, 197787), (66, 0.794, 49563), (1339, 0.802, 259081), (1408, 0.802, 141222), (1492, 0.8, 32987)]), (HyperModel(
  (layers): ModuleList(
    (0): GeoLayer(500, 128, heads=1)
    (1): ReLU6()
    (2): GeoLayer(128, 3, heads=1)
    (3): Tanh()
  )
), 0.75, 64780, 3988.5463016033173, [(-1, 0.374, 1088673), (2, 0.39, 1055649), (5, 0.39, 1043349), (13, 0.522, 1088673), (14, 0.73, 99873), (28, 0.754, 70627), (37, 0.76, 17734), (39, 0.756, 16510), (74, 0.77, 266791), (111, 0.764, 133785), (113, 0.782, 64777), (168, 0.796, 263710), (185, 0.792, 133418), (195, 0.8, 266794), (303, 0.802, 65947), (325, 0.81, 282211), (422, 0.808, 263710), (1136, 0.802, 64780)]), (HyperModel(
  (layers): ModuleList(
    (0): GeoLayer(500, 16, heads=2)
    (1): ELU(alpha=1.0)
    (2): GeoLayer(32, 3, heads=6)
    (3): Tanh()
  )
), 0.778, 16711, 2713.682970762253, [(-1, 0.692, 392335), (10, 0.722, 100531), (11, 0.776, 67507), (13, 0.786, 67507), (17, 0.79, 16915), (131, 0.786, 16714), (305, 0.796, 202422), (325, 0.796, 35366), (327, 0.804, 35366), (329, 0.804, 33782), (961, 0.81, 16711)]), (HyperModel(
  (layers): ModuleList(
    (0): GeoLayer(500, 16, heads=2)
    (1): Tanh()
    (2): GeoLayer(32, 3, heads=1)
    (3): Sigmoid()
  )
), 0.759, 16217, 3991.2279851436615, [(-1, 0.384, 400167), (1, 0.56, 401066), (6, 0.78, 64905), (60, 0.798, 400295), (1086, 0.792, 130319), (1228, 0.79, 50071), (1231, 0.79, 16727), (1233, 0.798, 16217)]), (HyperModel(
  (layers): ModuleList(
    (0): GeoLayer(500, 64, heads=2)
    (1): ELU(alpha=1.0)
    (2): GeoLayer(128, 3, heads=6)
    (3): Sigmoid()
  )
), 0.779, 66727, 4661.028116226196, [(-1, 0.706, 528286), (2, 0.742, 528286), (5, 0.752, 528286), (8, 0.75, 132766), (10, 0.766, 132766), (30, 0.776, 264606), (175, 0.776, 129545), (203, 0.802, 33886), (941, 0.81, 66727)]), (HyperModel(
  (layers): ModuleList(
    (0): GeoLayer(500, 32, heads=1)
    (1): ELU(alpha=1.0)
    (2): GeoLayer(32, 3, heads=4)
    (3): Tanh()
  )
), 0.776, 16507, 3382.358950614929, [(-1, 0.384, 1070220), (17, 0.388, 259980), (18, 0.416, 259081), (45, 0.786, 65676), (75, 0.78, 33292), (343, 0.784, 16711), (381, 0.788, 16303), (383, 0.8, 16711), (818, 0.794, 16507)]), (HyperModel(
  (layers): ModuleList(
    (0): GeoLayer(500, 128, heads=1)
    (1): ReLU6()
    (2): GeoLayer(128, 3, heads=6)
    (3): Tanh()
  )
), 0.779, 66730, 3520.8769698143005, [(-1, 0.56, 101430), (0, 0.608, 100650), (4, 0.706, 67626), (5, 0.724, 534442), (19, 0.77, 527387), (74, 0.776, 263707), (81, 0.77, 65947), (85, 0.784, 64777), (143, 0.794, 67507), (145, 0.796, 64777), (395, 0.8, 49467), (1104, 0.796, 12345), (1184, 0.806, 66727), (1451, 0.814, 66730)]), (HyperModel(
  (layers): ModuleList(
    (0): GeoLayer(500, 64, heads=2)
    (1): ReLU6()
    (2): GeoLayer(128, 3, heads=4)
    (3): Tanh()
  )
), 0.775, 65947, 4339.386945486069, [(-1, 0.404, 335795), (8, 0.406, 330526), (17, 0.412, 65947), (23, 0.716, 1145267), (25, 0.746, 1145267), (31, 0.784, 1079347), (167, 0.788, 82523), (209, 0.79, 16915), (378, 0.806, 64777), (902, 0.8, 16507), (915, 0.796, 16303), (1241, 0.804, 67507), (1391, 0.802, 65947)]), (HyperModel(
  (layers): ModuleList(
    (0): GeoLayer(500, 32, heads=16)
    (1): ReLU6()
    (2): GeoLayer(512, 3, heads=4)
    (3): ReLU()
  )
), 0.78, 263739, 3923.170244693756, [(-1, 0.196, 101433), (3, 0.282, 13625), (6, 0.604, 98974), (7, 0.714, 98974), (15, 0.728, 71750), (16, 0.768, 67510), (17, 0.786, 67510), (19, 0.792, 64780), (1381, 0.786, 8175), (1444, 0.796, 263739)]), (HyperModel(
  (layers): ModuleList(
    (0): GeoLayer(500, 16, heads=1)
    (1): ReLU()
    (2): GeoLayer(16, 3, heads=4)
    (3): LeakyReLU(negative_slope=0.01)
  )
), 0.18, 9166, 2951.9079144001007, [(-1, 0.196, 68406), (2, 0.196, 13622), (5, 0.196, 13298), (8, 0.542, 54018), (16, 0.614, 9058), (17, 0.722, 9058), (19, 0.742, 9058), (22, 0.768, 49778), (62, 0.776, 53119), (214, 0.778, 48879), (257, 0.772, 16507), (326, 0.786, 131867), (340, 0.786, 49467), (486, 0.794, 9166)]), (HyperModel(
  (layers): ModuleList(
    (0): GeoLayer(500, 64, heads=1)
    (1): LeakyReLU(negative_slope=0.01)
    (2): GeoLayer(64, 3, heads=2)
    (3): Sigmoid()
  )
), 0.782, 32591, 2702.7216441631317, [(-1, 0.388, 88102), (2, 0.388, 84202), (6, 0.388, 67626), (7, 0.752, 67626), (49, 0.766, 260623), (92, 0.794, 533543), (276, 0.798, 32591), (277, 0.806, 32591), (370, 0.814, 266791), (1319, 0.814, 32591)]), (HyperModel(
  (layers): ModuleList(
    (0): GeoLayer(500, 32, heads=4)
    (1): LeakyReLU(negative_slope=0.01)
    (2): GeoLayer(128, 3, heads=8)
    (3): Sigmoid()
  )
), 0.786, 67507, 2593.2323920726776, [(-1, 0.704, 164245), (9, 0.726, 139203), (13, 0.806, 134963), (344, 0.8, 33779), (605, 0.794, 32393), (741, 0.792, 16915), (937, 0.802, 33779), (1019, 0.796, 32393), (1021, 0.8, 16201), (1052, 0.81, 33779), (1084, 0.804, 33383), (1183, 0.812, 67507)])]
