Results:  [(HyperModel(
  (layers): ModuleList(
    (0): GCNConv(3703, 6)
    (1): Sigmoid()
    (2): Dropout(p=0.45, inplace=False)
  )
), 0.655, 22224, 69.13085317611694, [(-1, 0.584, 44442), (13, 0.48, 22224), (15, 0.494, 22224), (39, 0.574, 22224), (40, 0.652, 22224), (83, 0.654, 22224), (98, 0.66, 22224), (120, 0.664, 22224), (137, 0.672, 22224)]), (HyperModel(
  (layers): ModuleList(
    (0): GraphConv(3703, 6)
    (1): ReLU()
    (2): Dropout(p=0.0, inplace=False)
  )
), 0.588, 44442, 57.37936353683472, [(-1, 0.544, 44442), (2, 0.548, 44442), (7, 0.614, 44442), (8, 0.64, 44442)]), (HyperModel(
  (layers): ModuleList(
    (0): GraphConv(3703, 6)
    (1): Tanh()
    (2): Dropout(p=0.25, inplace=False)
  )
), 0.648, 44436, 152.19283962249756, [(-1, 0.604, 44442), (0, 0.614, 44442), (9, 0.62, 44442), (61, 0.642, 44442), (64, 0.656, 44436)]), (HyperModel(
  (layers): ModuleList(
    (0): GCNConv(3703, 6)
    (1): Tanh()
    (2): Dropout(p=0.6, inplace=False)
  )
), 0.645, 22224, 140.40346789360046, [(-1, 0.608, 44442), (4, 0.626, 44466), (39, 0.634, 44442), (53, 0.636, 44442), (77, 0.64, 44442), (83, 0.572, 22224), (84, 0.594, 22224), (93, 0.654, 22224), (100, 0.658, 22224), (107, 0.66, 22224)]), (HyperModel(
  (layers): ModuleList(
    (0): GCNConv(3703, 6)
    (1): ELU(alpha=1.0)
    (2): Dropout(p=0.45, inplace=False)
  )
), 0.636, 22224, 199.98419547080994, [(-1, 0.598, 44442), (42, 0.642, 44436), (108, 0.488, 22224), (119, 0.49, 22224), (128, 0.502, 22224), (136, 0.63, 22224), (144, 0.632, 22224)]), (HyperModel(
  (layers): ModuleList(
    (0): ChebConv(3703, 6, K=1, normalization=sym)
    (1): ELU(alpha=1.0)
    (2): Dropout(p=0.45, inplace=False)
  )
), 0.474, 22224, 144.64873433113098, [(-1, 0.596, 44442), (2, 0.604, 44442), (16, 0.634, 44436), (48, 0.492, 22224)]), (HyperModel(
  (layers): ModuleList(
    (0): GCNConv(3703, 6)
    (1): Tanh()
    (2): Dropout(p=0.25, inplace=False)
  )
), 0.636, 22224, 64.49237489700317, [(-1, 0.598, 44442), (11, 0.644, 44436), (29, 0.45, 22224), (45, 0.52, 22224), (74, 0.578, 22224), (76, 0.592, 22224), (77, 0.604, 22224), (100, 0.606, 22224), (104, 0.608, 22224), (135, 0.65, 22224), (141, 0.656, 22224)]), (HyperModel(
  (layers): ModuleList(
    (0): GCNConv(3703, 6)
    (1): Sigmoid()
    (2): Dropout(p=0.35, inplace=False)
  )
), 0.667, 22224, 163.4305543899536, [(-1, 0.612, 44442), (0, 0.442, 22236), (1, 0.482, 22224), (73, 0.62, 22236), (87, 0.662, 22224)]), (HyperModel(
  (layers): ModuleList(
    (0): GraphConv(3703, 6)
    (1): Sigmoid()
    (2): Dropout(p=0.25, inplace=False)
  )
), 0.619, 44436, 137.53488969802856, [(-1, 0.58, 44442), (1, 0.616, 44442), (5, 0.62, 44436), (7, 0.624, 44436), (8, 0.63, 44436), (19, 0.632, 44442), (26, 0.636, 44436), (116, 0.642, 44436), (133, 0.646, 44436)]), (HyperModel(
  (layers): ModuleList(
    (0): GCNConv(3703, 6)
    (1): Tanh()
    (2): Dropout(p=0.45, inplace=False)
  )
), 0.66, 22224, 246.32215023040771, [(-1, 0.598, 44442), (59, 0.474, 22224), (74, 0.592, 22224), (75, 0.634, 22224)]), (HyperModel(
  (layers): ModuleList(
    (0): GCNConv(3703, 6)
    (1): Sigmoid()
    (2): Dropout(p=0.35, inplace=False)
  )
), 0.641, 22224, 120.30138993263245, [(-1, 0.572, 44442), (0, 0.604, 44442), (27, 0.49, 22224), (34, 0.494, 22224), (47, 0.502, 22224), (129, 0.582, 22224), (130, 0.664, 22224), (149, 0.666, 22224)]), (HyperModel(
  (layers): ModuleList(
    (0): GCNConv(3703, 6)
    (1): ReLU()
    (2): Dropout(p=0.45, inplace=False)
  )
), 0.524, 22224, 158.11494779586792, [(-1, 0.604, 44442), (0, 0.634, 44442), (1, 0.348, 22224), (5, 0.412, 22224), (7, 0.44, 22224), (12, 0.534, 22224), (13, 0.576, 22224), (15, 0.59, 22224), (102, 0.636, 22224)]), (HyperModel(
  (layers): ModuleList(
    (0): GCNConv(3703, 6)
    (1): Sigmoid()
    (2): Dropout(p=0.35, inplace=False)
  )
), 0.642, 22224, 112.15700078010559, [(-1, 0.584, 44442), (1, 0.612, 44442), (5, 0.614, 44442), (13, 0.618, 44436), (17, 0.502, 22224), (18, 0.504, 22224), (20, 0.61, 22224), (22, 0.634, 22224), (43, 0.658, 22224), (75, 0.672, 22224)]), (HyperModel(
  (layers): ModuleList(
    (0): GCNConv(3703, 6)
    (1): ReLU()
    (2): Dropout(p=0.0, inplace=False)
  )
), 0.64, 22224, 115.79302787780762, [(-1, 0.628, 44442), (16, 0.63, 44442), (27, 0.632, 44442), (30, 0.634, 44442), (45, 0.572, 22224), (54, 0.584, 22224), (68, 0.644, 22224)]), (HyperModel(
  (layers): ModuleList(
    (0): GCNConv(3703, 6)
    (1): Sigmoid()
    (2): Dropout(p=0.45, inplace=False)
  )
), 0.603, 22224, 211.64556765556335, [(-1, 0.61, 44442), (10, 0.466, 22224), (12, 0.476, 22224), (30, 0.482, 22224), (36, 0.584, 22224), (97, 0.598, 22224)]), (HyperModel(
  (layers): ModuleList(
    (0): GCNConv(3703, 6)
    (1): Tanh()
    (2): Dropout(p=0.45, inplace=False)
  )
), 0.637, 22224, 77.22457218170166, [(-1, 0.586, 44442), (15, 0.63, 44442), (46, 0.606, 22224), (64, 0.648, 22224), (88, 0.65, 22224), (94, 0.664, 22224)]), (HyperModel(
  (layers): ModuleList(
    (0): GCNConv(3703, 6)
    (1): Tanh()
    (2): Dropout(p=0.6, inplace=False)
  )
), 0.644, 22224, 86.88170027732849, [(-1, 0.584, 44442), (20, 0.63, 44442), (21, 0.656, 44442), (39, 0.492, 22224), (48, 0.514, 22224), (54, 0.598, 22224), (68, 0.6, 22224), (89, 0.648, 22224)]), (HyperModel(
  (layers): ModuleList(
    (0): GCNConv(3703, 6)
    (1): Softplus(beta=1, threshold=20)
    (2): Dropout(p=0.25, inplace=False)
  )
), 0.623, 22224, 38.66810417175293, [(-1, 0.59, 44442), (2, 0.606, 44442), (32, 0.496, 22224), (36, 0.506, 22224), (118, 0.578, 22224), (123, 0.58, 22224), (129, 0.592, 22224), (135, 0.616, 22224), (137, 0.622, 22224)]), (HyperModel(
  (layers): ModuleList(
    (0): GCNConv(3703, 6)
    (1): Sigmoid()
    (2): Dropout(p=0.35, inplace=False)
  )
), 0.661, 22224, 153.38114881515503, [(-1, 0.604, 44442), (1, 0.616, 44442), (28, 0.636, 44442), (44, 0.616, 22224), (60, 0.63, 22224), (98, 0.644, 22224), (103, 0.65, 22224)]), (HyperModel(
  (layers): ModuleList(
    (0): GCNConv(3703, 6)
    (1): Tanh()
    (2): Dropout(p=0.5, inplace=False)
  )
), 0.657, 22224, 37.93230986595154, [(-1, 0.604, 44442), (9, 0.616, 44442), (10, 0.634, 44442), (19, 0.618, 22224), (21, 0.644, 22224), (25, 0.658, 22224)]), (HyperModel(
  (layers): ModuleList(
    (0): GCNConv(3703, 6)
    (1): Sigmoid()
    (2): Dropout(p=0.35, inplace=False)
  )
), 0.657, 22224, 27.338722944259644, [(-1, 0.544, 44442), (1, 0.596, 44442), (4, 0.616, 44442), (12, 0.62, 44442), (65, 0.624, 44436), (81, 0.626, 44436), (93, 0.454, 22224), (118, 0.578, 22224), (122, 0.594, 22224), (132, 0.654, 22224)]), (HyperModel(
  (layers): ModuleList(
    (0): GCNConv(3703, 6)
    (1): Sigmoid()
    (2): Dropout(p=0.25, inplace=False)
  )
), 0.665, 22224, 81.9186623096466, [(-1, 0.632, 44442), (18, 0.374, 22224), (20, 0.574, 22224), (22, 0.624, 22224), (70, 0.654, 22224), (72, 0.656, 22224)]), (HyperModel(
  (layers): ModuleList(
    (0): ChebConv(3703, 6, K=1, normalization=sym)
    (1): ReLU()
    (2): Dropout(p=0.45, inplace=False)
  )
), 0.461, 22224, 182.8276927471161, [(-1, 0.634, 44442), (27, 0.482, 22224), (118, 0.512, 22224), (145, 0.518, 22224)]), (HyperModel(
  (layers): ModuleList(
    (0): GCNConv(3703, 6)
    (1): ReLU()
    (2): Dropout(p=0.5, inplace=False)
  )
), 0.55, 22224, 37.85123348236084, [(-1, 0.608, 44442), (0, 0.618, 44436), (10, 0.546, 22224), (12, 0.552, 22224), (13, 0.618, 22224), (28, 0.624, 22224), (48, 0.626, 22224), (52, 0.632, 22224), (62, 0.644, 22224), (65, 0.654, 22224)]), (HyperModel(
  (layers): ModuleList(
    (0): GCNConv(3703, 6)
    (1): Sigmoid()
    (2): Dropout(p=0.45, inplace=False)
  )
), 0.65, 22224, 43.41123127937317, [(-1, 0.576, 44442), (1, 0.614, 44442), (3, 0.616, 44442), (6, 0.606, 22224), (9, 0.656, 22224), (133, 0.664, 22224)]), (HyperModel(
  (layers): ModuleList(
    (0): GCNConv(3703, 6)
    (1): Tanh()
    (2): Dropout(p=0.0, inplace=False)
  )
), 0.637, 22224, 124.06468486785889, [(-1, 0.596, 44442), (5, 0.484, 22224), (6, 0.626, 22224), (37, 0.648, 22224), (85, 0.654, 22224)]), (HyperModel(
  (layers): ModuleList(
    (0): GCNConv(3703, 6)
    (1): Tanh()
    (2): Dropout(p=0.5, inplace=False)
  )
), 0.637, 22224, 164.5727469921112, [(-1, 0.612, 44442), (6, 0.574, 22236), (52, 0.658, 22224)]), (HyperModel(
  (layers): ModuleList(
    (0): GraphConv(3703, 6)
    (1): ReLU()
    (2): Dropout(p=0.5, inplace=False)
  )
), 0.488, 44436, 163.7300305366516, [(-1, 0.618, 44442), (22, 0.632, 44436), (48, 0.646, 44436)]), (HyperModel(
  (layers): ModuleList(
    (0): GCNConv(3703, 6)
    (1): Sigmoid()
    (2): Dropout(p=0.6, inplace=False)
  )
), 0.646, 22224, 147.30487370491028, [(-1, 0.59, 44442), (4, 0.634, 44442), (36, 0.56, 22224), (48, 0.63, 22224), (53, 0.65, 22224), (74, 0.652, 22224), (85, 0.656, 22224)]), (HyperModel(
  (layers): ModuleList(
    (0): GCNConv(3703, 6)
    (1): Sigmoid()
    (2): Dropout(p=0.45, inplace=False)
  )
), 0.644, 22224, 63.263057231903076, [(-1, 0.598, 44442), (21, 0.632, 22224), (54, 0.636, 22224), (65, 0.666, 22224)]), (HyperModel(
  (layers): ModuleList(
    (0): GCNConv(3703, 6)
    (1): Tanh()
    (2): Dropout(p=0.6, inplace=False)
  )
), 0.659, 22224, 288.15184593200684, [(-1, 0.62, 44442), (24, 0.532, 22224), (25, 0.574, 22224), (28, 0.594, 22224), (29, 0.644, 22224)]), (HyperModel(
  (layers): ModuleList(
    (0): GCNConv(3703, 6)
    (1): Tanh()
    (2): Dropout(p=0.35, inplace=False)
  )
), 0.643, 22224, 126.2019693851471, [(-1, 0.59, 44442), (1, 0.618, 44442), (47, 0.472, 22224), (49, 0.5, 22224), (95, 0.56, 22224), (96, 0.574, 22224), (100, 0.58, 22224), (105, 0.588, 22224), (122, 0.594, 22224), (124, 0.6, 22224), (125, 0.602, 22224), (130, 0.64, 22224), (138, 0.65, 22224), (143, 0.652, 22224)])]
