Results:  [(HyperModel(
  (layers): ModuleList(
    (0): GCNConv(500, 3)
    (1): Sigmoid()
    (2): Dropout(p=0.5, inplace=False)
  )
), 0.737, 1503, 25.391186475753784, [(0, 0.728, 3003), (15, 0.686, 1503), (17, 0.73, 1503), (32, 0.734, 1503), (35, 0.738, 1503), (63, 0.752, 1503)]), (HyperModel(
  (layers): ModuleList(
    (0): GCNConv(500, 3)
    (1): Tanh()
    (2): Dropout(p=0.25, inplace=False)
  )
), 0.759, 1503, 32.357656478881836, [(0, 0.732, 3003), (42, 0.654, 1503), (45, 0.746, 1503)]), (HyperModel(
  (layers): ModuleList(
    (0): GCNConv(500, 3)
    (1): Tanh()
    (2): Dropout(p=0.6, inplace=False)
  )
), 0.758, 1503, 27.356633186340332, [(0, 0.72, 3003), (8, 0.72, 3000), (17, 0.744, 1503), (86, 0.754, 1503)]), (HyperModel(
  (layers): ModuleList(
    (0): GCNConv(500, 3)
    (1): ReLU()
    (2): Dropout(p=0.45, inplace=False)
  )
), 0.422, 1503, 28.89223337173462, [(0, 0.72, 3003), (37, 0.72, 3000), (43, 0.716, 1503), (72, 0.738, 1503), (103, 0.76, 1503)]), (HyperModel(
  (layers): ModuleList(
    (0): GCNConv(500, 3)
    (1): Tanh()
    (2): Dropout(p=0.35, inplace=False)
  )
), 0.542, 1503, 26.723769664764404, [(0, 0.598, 3003), (8, 0.74, 3003), (15, 0.714, 1503), (37, 0.73, 1503), (56, 0.736, 1503), (66, 0.738, 1503), (68, 0.746, 1503), (91, 0.758, 1503)]), (HyperModel(
  (layers): ModuleList(
    (0): GATConv(500, 3, heads=1)
    (1): Tanh()
    (2): Dropout(p=0.25, inplace=False)
  )
), 0.721, 1509, 30.14484691619873, [(0, 0.508, 3003), (0, 0.692, 3003), (2, 0.394, 1503), (20, 0.452, 1503), (31, 0.492, 1503), (34, 0.726, 1503), (66, 0.744, 1509), (85, 0.748, 1509)]), (HyperModel(
  (layers): ModuleList(
    (0): GCNConv(500, 3)
    (1): Sigmoid()
    (2): Dropout(p=0.6, inplace=False)
  )
), 0.738, 1503, 31.86137080192566, [(0, 0.724, 3003), (23, 0.67, 1503), (29, 0.678, 1503), (40, 0.68, 1503), (58, 0.684, 1503), (90, 0.714, 1503), (92, 0.732, 1503), (96, 0.77, 1503)]), (HyperModel(
  (layers): ModuleList(
    (0): GCNConv(500, 3)
    (1): Tanh()
    (2): Dropout(p=0.0, inplace=False)
  )
), 0.757, 1503, 29.511176347732544, [(0, 0.536, 3003), (3, 0.714, 3003), (4, 0.726, 3003), (5, 0.726, 3000), (36, 0.388, 1503), (38, 0.706, 1503), (48, 0.748, 1503)]), (HyperModel(
  (layers): ModuleList(
    (0): GATConv(500, 3, heads=1)
    (1): Sigmoid()
    (2): Dropout(p=0.5, inplace=False)
  )
), 0.69, 1509, 28.5380380153656, [(0, 0.712, 3003), (4, 0.72, 3003), (30, 0.724, 3003), (49, 0.746, 3015), (64, 0.754, 3015), (68, 0.436, 1509), (72, 0.584, 1509), (98, 0.738, 1509), (117, 0.742, 1509), (123, 0.754, 1509), (143, 0.766, 1509)]), (HyperModel(
  (layers): ModuleList(
    (0): GCNConv(500, 3)
    (1): ReLU()
    (2): Dropout(p=0.0, inplace=False)
  )
), 0.395, 1503, 36.73719143867493, [(0, 0.718, 3003), (3, 0.72, 3000), (8, 0.724, 3000), (23, 0.728, 3000), (32, 0.732, 3000), (42, 0.734, 3000), (76, 0.734, 1503), (121, 0.736, 1503), (124, 0.738, 1503), (136, 0.768, 1503)]), (HyperModel(
  (layers): ModuleList(
    (0): GCNConv(500, 3)
    (1): ELU(alpha=1.0)
    (2): Dropout(p=0.35, inplace=False)
  )
), 0.758, 1503, 33.17695188522339, [(0, 0.722, 3003), (0, 0.724, 3000), (2, 0.728, 3000), (5, 0.674, 1503), (39, 0.686, 1503), (70, 0.708, 1503), (80, 0.74, 1503), (90, 0.744, 1503), (134, 0.75, 1503)]), (HyperModel(
  (layers): ModuleList(
    (0): GCNConv(500, 3)
    (1): Sigmoid()
    (2): Dropout(p=0.5, inplace=False)
  )
), 0.743, 1503, 23.481521129608154, [(0, 0.72, 3003), (1, 0.416, 1503), (18, 0.718, 1503), (24, 0.732, 1503), (26, 0.746, 1503), (28, 0.756, 1503), (77, 0.762, 1503), (102, 0.766, 1503), (121, 0.77, 1503)]), (HyperModel(
  (layers): ModuleList(
    (0): GATConv(500, 3, heads=1)
    (1): Tanh()
    (2): Dropout(p=0.0, inplace=False)
  )
), 0.725, 1509, 30.23855996131897, [(0, 0.718, 3003), (7, 0.698, 1503), (36, 0.718, 1503), (39, 0.744, 1509), (97, 0.746, 1509), (130, 0.75, 1509)]), (HyperModel(
  (layers): ModuleList(
    (0): GCNConv(500, 3)
    (1): ReLU()
    (2): Dropout(p=0.45, inplace=False)
  )
), 0.65, 1503, 32.93689274787903, [(0, 0.73, 3003), (34, 0.758, 3015), (39, 0.744, 1503)]), (HyperModel(
  (layers): ModuleList(
    (0): GCNConv(500, 3)
    (1): ReLU()
    (2): Dropout(p=0.45, inplace=False)
  )
), 0.742, 1503, 27.50726866722107, [(0, 0.722, 3003), (3, 0.704, 1503), (43, 0.71, 1503), (94, 0.746, 1503)]), (HyperModel(
  (layers): ModuleList(
    (0): GCNConv(500, 3)
    (1): ReLU()
    (2): Dropout(p=0.6, inplace=False)
  )
), 0.756, 1503, 31.0198175907135, [(0, 0.712, 3003), (0, 0.72, 3003), (2, 0.72, 3000), (6, 0.736, 3003), (21, 0.676, 1503), (28, 0.71, 1503), (46, 0.722, 1503), (117, 0.732, 1503), (122, 0.738, 1503)]), (HyperModel(
  (layers): ModuleList(
    (0): GCNConv(500, 3)
    (1): Tanh()
    (2): Dropout(p=0.35, inplace=False)
  )
), 0.753, 1503, 28.978928327560425, [(0, 0.42, 3003), (1, 0.722, 3003), (6, 0.362, 1503), (9, 0.61, 1503), (10, 0.688, 1503), (25, 0.704, 1503), (37, 0.714, 1503), (39, 0.734, 1503), (66, 0.742, 1503), (80, 0.748, 1503), (114, 0.752, 1503)]), (HyperModel(
  (layers): ModuleList(
    (0): GCNConv(500, 3)
    (1): Softplus(beta=1, threshold=20)
    (2): Dropout(p=0.6, inplace=False)
  )
), 0.453, 1503, 23.773280382156372, [(0, 0.706, 3003), (2, 0.71, 3000), (3, 0.72, 3000), (7, 0.388, 1509), (10, 0.406, 1509), (14, 0.704, 1503), (21, 0.708, 1503), (28, 0.71, 1503), (63, 0.764, 1503)]), (HyperModel(
  (layers): ModuleList(
    (0): GCNConv(500, 3)
    (1): Sigmoid()
    (2): Dropout(p=0.45, inplace=False)
  )
), 0.724, 1503, 28.878278732299805, [(0, 0.716, 3003), (10, 0.626, 1503), (12, 0.632, 1503), (15, 0.712, 1503), (17, 0.746, 1503), (23, 0.764, 1503), (41, 0.768, 1503), (146, 0.77, 1503)]), (HyperModel(
  (layers): ModuleList(
    (0): GCNConv(500, 3)
    (1): Tanh()
    (2): Dropout(p=0.0, inplace=False)
  )
), 0.752, 1503, 28.540496110916138, [(0, 0.728, 3003), (15, 0.638, 1503), (16, 0.668, 1503), (18, 0.73, 1503), (25, 0.74, 1503), (36, 0.744, 1503), (100, 0.75, 1503), (140, 0.754, 1503)]), (HyperModel(
  (layers): ModuleList(
    (0): GCNConv(500, 3)
    (1): Sigmoid()
    (2): Dropout(p=0.5, inplace=False)
  )
), 0.694, 1503, 27.67573571205139, [(0, 0.726, 3003), (1, 0.77, 1503)]), (HyperModel(
  (layers): ModuleList(
    (0): GATConv(500, 3, heads=1)
    (1): Sigmoid()
    (2): Dropout(p=0.6, inplace=False)
  )
), 0.61, 1509, 29.282848834991455, [(0, 0.712, 3003), (14, 0.668, 1503), (17, 0.756, 1509)]), (HyperModel(
  (layers): ModuleList(
    (0): GCNConv(500, 3)
    (1): Tanh()
    (2): Dropout(p=0.0, inplace=False)
  )
), 0.763, 1503, 27.770575523376465, [(0, 0.714, 3003), (5, 0.732, 3003), (6, 0.71, 1503), (19, 0.74, 1503), (46, 0.746, 1503), (109, 0.748, 1503), (133, 0.75, 1503), (138, 0.756, 1503)]), (HyperModel(
  (layers): ModuleList(
    (0): GATConv(500, 3, heads=1)
    (1): ELU(alpha=1.0)
    (2): Dropout(p=0.45, inplace=False)
  )
), 0.728, 1509, 32.394875049591064, [(0, 0.724, 3003), (4, 0.73, 3003), (21, 0.71, 1503), (46, 0.712, 1503), (68, 0.734, 1503), (104, 0.746, 1509)]), (HyperModel(
  (layers): ModuleList(
    (0): GCNConv(500, 3)
    (1): Sigmoid()
    (2): Dropout(p=0.6, inplace=False)
  )
), 0.72, 1503, 27.22929334640503, [(0, 0.72, 3003), (8, 0.73, 3000), (20, 0.734, 3000), (29, 0.728, 1503), (36, 0.732, 1503), (48, 0.754, 1503), (70, 0.756, 1503), (88, 0.774, 1503)]), (HyperModel(
  (layers): ModuleList(
    (0): GCNConv(500, 3)
    (1): Sigmoid()
    (2): Dropout(p=0.45, inplace=False)
  )
), 0.748, 1503, 28.410355806350708, [(0, 0.714, 3003), (8, 0.72, 1503), (15, 0.722, 1503), (47, 0.724, 1503), (74, 0.734, 1503), (135, 0.738, 1503), (142, 0.744, 1503)]), (HyperModel(
  (layers): ModuleList(
    (0): GCNConv(500, 3)
    (1): ELU(alpha=1.0)
    (2): Dropout(p=0.25, inplace=False)
  )
), 0.757, 1503, 31.739666223526, [(0, 0.574, 3003), (5, 0.69, 1503), (8, 0.712, 1503), (19, 0.75, 1503), (113, 0.754, 1503)]), (HyperModel(
  (layers): ModuleList(
    (0): GCNConv(500, 3)
    (1): ReLU()
    (2): Dropout(p=0.25, inplace=False)
  )
), 0.755, 1503, 33.892571687698364, [(0, 0.718, 3003), (2, 0.728, 3003), (3, 0.388, 1509), (5, 0.588, 1509), (33, 0.642, 1503), (34, 0.678, 1503), (40, 0.682, 1503), (112, 0.686, 1503), (118, 0.73, 1503), (139, 0.75, 1503)]), (HyperModel(
  (layers): ModuleList(
    (0): GCNConv(500, 3)
    (1): Tanh()
    (2): Dropout(p=0.35, inplace=False)
  )
), 0.76, 1503, 29.81145691871643, [(0, 0.72, 3003), (5, 0.662, 1503), (9, 0.7, 1503), (13, 0.71, 1503), (73, 0.736, 1503), (79, 0.744, 1503), (85, 0.748, 1503)]), (HyperModel(
  (layers): ModuleList(
    (0): GCNConv(500, 3)
    (1): ReLU()
    (2): Dropout(p=0.45, inplace=False)
  )
), 0.754, 1503, 31.030269861221313, [(0, 0.71, 3003), (0, 0.732, 3000), (14, 0.71, 1503), (27, 0.74, 1503), (30, 0.742, 1503)]), (HyperModel(
  (layers): ModuleList(
    (0): GCNConv(500, 3)
    (1): ELU(alpha=1.0)
    (2): Dropout(p=0.6, inplace=False)
  )
), 0.657, 1503, 32.54798173904419, [(0, 0.714, 3003), (9, 0.72, 3000), (17, 0.722, 3000), (31, 0.73, 3003), (36, 0.734, 3000), (42, 0.746, 3015), (45, 0.528, 1509), (121, 0.58, 1509), (128, 0.654, 1503), (129, 0.676, 1503), (131, 0.682, 1503), (134, 0.688, 1503), (148, 0.704, 1503)]), (HyperModel(
  (layers): ModuleList(
    (0): GCNConv(500, 3)
    (1): Softplus(beta=1, threshold=20)
    (2): Dropout(p=0.6, inplace=False)
  )
), 0.766, 1503, 29.50618886947632, [(0, 0.726, 3003), (12, 0.696, 1503), (33, 0.72, 1503), (65, 0.728, 1503), (69, 0.764, 1503)])]
